32.478503 1.500000 1.050000	J0006+1834
70.469412 1.750000 7.000000	J0007+7303
42.013476 1.000000 4.066667	J0014+4746
34.266310 0.750000 0.033333	J0023+0923
102.054011 1.500000 6.033333	J0026+6320
32.925455 0.000000 0.083333	J0030+0451
74.342995 0.750000 5.000000	J0033+57
81.792193 0.750000 6.000000	J0033+61
71.512300 1.000000 6.000000	J0034+69
27.860000 1.000000 -0.050000	J0034-0534
31.733583 1.000000 -0.033333	J0034-0721
70.767380 0.000000 5.016667	J0040+5716
36.352086 2.000000 3.016667	J0048+3412
30.392727 0.250000 0.033333	J0051+0423
71.512300 0.750000 6.000000	J0053+69
86.857648 1.000000 6.000000	J0054+66
47.823851 1.250000 5.016667	J0055+5117
44.844171 1.500000 4.083333	J0056+4756
85.218824 2.000000 6.033333	J0058+6125
45.738075 2.250000 5.000000	J0059+50
47.823851 15.500000 4.050000	J0102+4839
86.857648 15.500000 6.050000	J0102+6537
55.720000 15.750000 5.000000	J0103+54
49.313690 16.500000 4.083333	J0106+4855
87.006632 17.000000 6.000000	J0108+6608
78.961498 17.000000 6.000000	J0108+6905
37.841925 17.000000 -1.050000	J0108-1431
83.877969 15.500000 6.000000	J0112+66
79.259466 16.750000 5.016667	J0117+5914
94.157862 16.250000 6.000000	J0125+62
29.647808 16.000000 -2.050000	J0134-2937
95.051765 16.500000 6.000000	J0136+63
35.905134 16.750000 1.083333	J0137+1654
60.487487 17.250000 5.033333	J0139+5621
74.045027 17.250000 5.016667	J0139+5814
84.622888 15.250000 6.000000	J0141+6009
95.051765 15.250000 6.000000	J0141+63
95.200749 16.500000 6.066667	J0146+6145
79.855402 16.750000 5.033333	J0147+5922
30.839679 15.250000 -0.050000	J0151-0635
36.799038 15.500000 0.066667	J0152+0948
28.753904 15.500000 -1.050000	J0152-1637
47.376899 16.500000 3.066667	J0156+3949
95.200749 16.750000 6.016667	J0157+6212
40.076685 17.000000 2.000000	J0158+21
74.640963 30.250000 7.000000	J0201+7005
83.580001 31.250000 6.066667	J0205+6449
55.124065 30.500000 5.033333	J0212+5222
56.315936 31.000000 5.033333	J0214+5222
111.142033 31.250000 6.016667	J0215+6218
51.697434 32.000000 4.050000	J0218+4232
44.546204 32.250000 2.000000	J0229+20
70.916364 30.250000 7.033333	J0231+7026
40.225669 30.250000 1.000000	J0241+16
84.920856 30.500000 6.000000	J0242+62
111.142033 30.750000 6.033333	J0243+6027
40.672621 31.000000 1.000000	J0244+14
89.986311 32.000000 6.033333	J0248+6021
40.672621 46.000000 1.050000	J0304+1932
52.442353 47.000000 7.000000	J0308+74
48.717754 45.750000 3.066667	J0323+3944
78.067594 46.000000 5.050000	J0324+5239
64.957006 46.250000 6.000000	J0325+67
39.033797 47.250000 1.083333	J0329+1654
80.153370 45.500000 5.050000	J0332+5434
43.354332 45.500000 7.000000	J0332+79
60.934439 46.250000 4.083333	J0335+4555
37.097006 46.750000 1.016667	J0337+1715
64.957006 47.000000 6.000000	J0338+66
51.548450 45.000000 4.050000	J0340+4130
77.322674 45.250000 5.016667	J0341+5711
80.153370 45.750000 5.016667	J0343+5312
20.857754 45.750000 -3.000000	J0343-3000
28.902888 47.000000 0.050000	J0348+0432
38.288877 46.750000 3.000000	J0357+3205
86.261712 46.750000 5.050000	J0357+5236
58.699680 47.000000 4.000000	J0358+42
73.598075 47.000000 5.016667	J0358+5413
63.914118 47.000000 6.000000	J0358+66
67.489733 61.500000 6.050000	J0406+6138
43.503316 61.750000 1.000000	J0407+1607
72.108236 62.000000 5.000000	J0408+551
72.108236 62.000000 5.000000	J0408+552
21.751658 60.000000 -3.000000	J0410-31
67.787701 60.750000 5.000000	J0413+58
50.505562 61.250000 6.083333	J0415+6954
51.250482 61.750000 3.000000	J0417+35
64.659038 61.750000 6.000000	J0417+61
67.787701 62.000000 5.050000	J0418+5732
66.297861 62.250000 4.000000	J0419+44
24.880321 60.250000 -0.066667	J0421-0345
71.959252 61.500000 4.050000	J0426+4933
47.972835 61.250000 2.000000	J0435+27
29.647808 61.750000 -0.000000	J0447-04
28.306952 62.000000 -2.066667	J0448-2749
27.413048 60.000000 -1.066667	J0450-1248
49.760642 60.750000 1.083333	J0453+1559
61.679359 61.000000 5.066667	J0454+5543
43.950268 61.750000 2.000000	J0457+23
31.584599 62.000000 -0.000000	J0458-0505
32.329519 62.250000 -0.016667	J0459-0210
61.381391 75.250000 4.016667	J0501+4516
84.026952 75.500000 4.083333	J0502+4654
41.119572 77.250000 0.000000	J0509+08
66.893797 75.000000 3.000000	J0510+38
53.634225 76.750000 2.000000	J0517+22
60.189519 77.250000 4.000000	J0519+44
60.338503 77.250000 5.000000	J0519+54
20.857754 75.000000 -2.083333	J0520-2553
54.826097 76.250000 1.016667	J0525+1115
92.965990 77.000000 2.000000	J0528+2200
50.058610 75.750000 0.000000	J0533+0402
47.972835 75.750000 6.000000	J0533+67
64.510054 76.000000 2.000000	J0534+2200
66.297861 77.000000 2.016667	J0538+2817
53.932193 75.000000 3.000000	J0540+3207
68.979573 75.750000 2.033333	J0543+2329
51.995401 76.250000 -0.000000	J0545-03
63.318182 76.500000 2.066667	J0546+2441
49.462674 76.000000 3.000000	J0554+3107
47.674867 76.250000 3.066667	J0555+3948
63.765134 76.750000 1.083333	J0557+1550
42.311444 90.250000 -0.033333	J0601-0527
46.036043 91.250000 3.000000	J0605+37
42.311444 92.000000 0.000000	J0608+00
63.616150 92.250000 2.050000	J0609+2130
46.036043 90.000000 3.000000	J0610+37
30.541711 90.000000 -2.000000	J0610-2100
47.674867 90.250000 3.000000	J0611+30
46.036043 90.500000 3.033333	J0612+3721
46.036043 90.750000 3.050000	J0613+3731
40.821605 90.750000 -0.000000	J0613-0200
60.934439 91.000000 2.033333	J0614+2229
31.733583 91.000000 8.000000	J0614+83
27.711016 91.000000 -3.033333	J0614-3329
52.144385 90.250000 0.050000	J0621+0336
61.232407 90.250000 1.000000	J0621+1002
56.762888 90.250000 2.000000	J0621+25
46.185027 90.500000 3.066667	J0622+3749
57.060856 90.750000 0.066667	J0623+0340
50.505562 91.000000 -0.033333	J0624-0424
64.510054 91.250000 1.000000	J0625+10
61.232407 91.750000 0.066667	J0627+0649
61.232407 91.750000 0.000000	J0627+0706
59.146631 91.750000 1.000000	J0627+16
64.510054 92.000000 0.000000	J0628+0909
49.462674 92.250000 2.016667	J0629+2415
52.889305 90.000000 -0.066667	J0630-0046
28.455936 90.000000 -2.050000	J0630-2834
65.105990 90.250000 1.050000	J0631+1036
65.701926 90.750000 0.050000	J0633+0632
50.654546 90.750000 1.066667	J0633+1746
36.054118 90.750000 -2.016667	J0633-2015
65.701926 91.250000 0.050000	J0635+0533
44.844171 91.500000 5.033333	J0636+5129
44.099252 91.250000 5.083333	J0645+5158
34.713262 91.250000 8.000000	J0645+80
52.889305 91.500000 0.000000	J0646+0905
52.889305 91.750000 0.016667	J0647+0913
55.720000 90.500000 -0.066667	J0652-0142
32.627487 90.750000 8.083333	J0653+8051
43.503316 91.500000 -2.033333	J0656-2228
45.142139 92.000000 0.033333	J0658+0022
38.288877 92.250000 1.016667	J0659+1414
41.864492 105.000000 6.016667	J0700+6418
37.841925 105.250000 0.050000	J0711+0931
45.887059 107.250000 -2.066667	J0719-2545
37.841925 105.000000 -3.033333	J0720-3125
49.909626 105.250000 -2.050000	J0721-2038
55.422032 106.250000 -1.050000	J0725-1635
49.164706 106.500000 -2.016667	J0726-2612
53.634225 107.250000 -1.066667	J0729-1448
52.740321 107.250000 -1.050000	J0729-1836
50.952514 105.750000 -2.066667	J0733-2345
50.654546 106.000000 -1.083333	J0734-1559
34.117326 106.750000 6.000000	J0737+69
49.313690 106.750000 -2.000000	J0737-2202
51.697434 106.750000 -3.050000	J0737-3039A
51.697434 106.750000 -3.050000	J0737-3039B
36.054118 105.000000 4.000000	J0740+41
37.394974 105.500000 6.000000	J0742+66
45.142139 105.500000 -2.033333	J0742-2822
37.394974 106.500000 6.000000	J0746+66
38.884813 105.000000 5.000000	J0750+57
35.309198 105.250000 1.000000	J0751+1807
32.031551 106.000000 3.050000	J0754+3231
38.586845 107.000000 -1.033333	J0758-1528
60.189519 121.000000 -3.066667	J0804-3647
24.582353 121.500000 0.000000	J0806+08
60.189519 120.500000 -3.000000	J0812-3905
28.157968 121.000000 7.033333	J0814+7429
25.029305 121.250000 0.050000	J0815+0939
47.823851 122.000000 -3.066667	J0818-3049
45.291123 122.000000 -3.050000	J0818-3232
28.008984 120.000000 -1.083333	J0820-1350
84.026952 120.000000 -3.033333	J0820-3826
23.837433 120.750000 0.083333	J0823+0159
23.837433 121.000000 0.000000	J0824+00
24.880321 121.500000 2.050000	J0826+2637
49.313690 122.000000 -3.016667	J0828-3417
67.638717 121.250000 -3.000000	J0835-3707
21.900642 121.750000 0.016667	J0837+0610
38.139893 121.750000 -2.000000	J0837-24
40.672621 122.000000 -2.033333	J0838-2621
22.347594 120.750000 0.016667	J0843+0719
54.230161 121.500000 -3.050000	J0846-3533
23.986417 122.000000 1.000000	J0848+16
27.562032 122.250000 8.033333	J0849+8028
51.250482 121.250000 -3.050000	J0855-3331
44.695187 135.000000 -3.066667	J0900-3144
23.092514 137.000000 -1.050000	J0908-1739
25.923209 135.000000 7.000000	J0910+77
53.485241 135.500000 -3.083333	J0912-3851
53.485241 137.250000 -4.000000	J0919-42
36.054118 135.250000 6.083333	J0921+6254
20.112834 135.500000 0.050000	J0922+0638
47.674867 135.750000 -3.000000	J0923-31
21.304706 136.750000 2.000000	J0927+23
22.347594 137.000000 0.000000	J0928+06
30.541711 135.250000 -1.000000	J0931-1902
54.826097 135.500000 -3.016667	J0932-3217
26.817112 135.750000 1.050000	J0943+1631
21.751658 135.750000 2.000000	J0943+22
22.347594 135.750000 4.000000	J0943+41
28.306952 136.000000 -1.083333	J0944-1354
24.880321 136.500000 0.083333	J0946+0951
22.198610 136.750000 2.000000	J0947+27
38.884813 135.500000 -3.050000	J0952-3839
21.006738 135.750000 0.083333	J0953+0755
27.115080 136.750000 -0.000000	J0957-06
25.625241 150.000000 1.000000	J1010+15
26.817112 150.500000 5.000000	J1012+5307
26.966096 150.500000 -2.050000	J1012-2337
27.115080 152.000000 -1.066667	J1018-1642
22.943530 150.500000 1.000000	J1022+1001
22.943530 150.750000 0.050000	J1023+0038
29.051872 151.000000 -0.016667	J1024-0719
29.498824 151.000000 -3.033333	J1034-3224
25.476257 152.000000 0.050000	J1038+0032
29.349840 150.250000 -1.066667	J1041-1942
25.476257 151.500000 0.000000	J1046+0304
29.647808 151.750000 -3.050000	J1047-3032
30.243744 165.250000 6.000000	J1101+65
29.200856 165.000000 5.000000	J1110+58
24.582353 166.250000 5.050000	J1115+5030
33.968342 165.000000 -3.016667	J1120-3618
29.945776 165.500000 7.000000	J1122+78
34.862246 166.000000 -3.083333	J1124-3653
27.860000 166.500000 -2.000000	J1126-27
28.753904 166.500000 1.083333	J1136+1551
29.498824 165.250000 -3.000000	J1141-3107
34.415294 165.250000 -3.033333	J1141-3322
30.690695 165.500000 0.016667	J1142+0119
30.392727 165.750000 -2.000000	J1153-21
39.927701 181.500000 -3.000000	J1226-32
32.776471 180.250000 -1.016667	J1231-1411
28.604920 182.000000 2.000000	J1238+21
28.008984 182.250000 2.083333	J1239+2453
29.945776 181.500000 2.000000	J1246+22
175.205135 181.250000 -4.000000	J1255-46
35.160214 181.750000 -1.033333	J1257-1027
39.778717 195.000000 1.066667	J1300+1240
40.076685 195.250000 0.050000	J1301+0833
55.720000 195.500000 -3.000000	J1302-32
29.498824 197.000000 2.033333	J1308+2127
35.905134 195.250000 -1.033333	J1311-1228
55.124065 195.250000 -3.050000	J1311-3430
36.054118 195.500000 0.083333	J1312+0051
34.266310 195.500000 1.016667	J1312+1810
40.225669 195.750000 0.050000	J1313+0931
33.521391 195.000000 6.000000	J1320+67
54.081177 195.000000 -3.016667	J1320-3512
30.541711 195.250000 8.033333	J1321+8323
32.627487 196.750000 -0.083333	J1327-0755
33.223423 195.500000 -0.000000	J1332-03
58.103744 195.500000 -3.050000	J1332-3032
53.783209 196.250000 -3.066667	J1335-3642
31.286631 195.500000 2.033333	J1342+2822A
31.286631 195.500000 2.033333	J1342+2822B
31.286631 195.500000 2.033333	J1342+2822C
31.286631 195.500000 2.033333	J1342+2822D
46.185027 197.000000 -2.050000	J1358-2533
36.799038 210.000000 -1.050000	J1400-1438
40.076685 211.000000 1.000000	J1404+12
33.074439 210.500000 7.033333	J1412+7922
33.521391 211.000000 7.083333	J1434+7257
35.607166 212.250000 7.000000	J1439+76
57.805776 210.750000 1.000000	J1453+1902
59.742567 211.250000 -3.050000	J1455-3330
293.200430 211.500000 -4.000000	J1456-48
45.142139 225.250000 -0.066667	J1501-0046
55.571016 225.750000 2.016667	J1503+2111
31.882567 227.250000 5.050000	J1509+5531
47.227915 227.000000 0.000000	J1518+0204A
47.227915 227.000000 0.000000	J1518+0204B
47.227915 227.000000 0.000000	J1518+0204C
47.227915 227.000000 0.000000	J1518+0204D
47.227915 227.000000 0.000000	J1518+0204E
31.584599 227.000000 4.000000	J1518+4904
48.419786 227.000000 -0.033333	J1518-0627
67.489733 227.000000 -3.066667	J1528-3146
93.412942 227.250000 -3.033333	J1529-3828
37.841925 225.500000 2.066667	J1532+2745
81.196257 226.500000 -3.000000	J1536-3602
57.805776 226.750000 1.083333	J1537+1155
44.546204 227.000000 2.066667	J1538+2345
58.401712 225.750000 0.033333	J1543+0929
42.311444 225.750000 -0.033333	J1543-0620
33.372407 226.000000 4.050000	J1544+4937
97.584493 226.500000 -3.066667	J1546-3747A
50.058610 226.750000 -0.066667	J1547-0944
64.808022 227.250000 2.016667	J1549+2113
44.844171 225.250000 -0.083333	J1551-0658
44.844171 226.250000 -0.016667	J1555-0515
60.189519 226.250000 -2.066667	J1555-2341
72.704172 226.250000 -3.050000	J1555-3134
183.995189 227.250000 -4.000000	J1559-44
73.747059 240.000000 -3.083333	J1600-3053
67.191765 240.750000 -2.050000	J1603-2531
69.873476 240.750000 -2.016667	J1603-2712
90.135295 240.750000 -3.050000	J1603-3539
37.543957 241.250000 3.066667	J1605+3249
51.399466 241.750000 -0.050000	J1607-0032
52.740321 242.250000 -1.050000	J1609-1930
56.613904 240.000000 -1.033333	J1610-1322
50.952514 240.000000 -1.000000	J1610-17
50.058610 240.250000 -0.000000	J1611-01
66.595829 240.500000 2.000000	J1612+2008
69.724492 240.500000 -2.000000	J1612-2408
69.724492 241.000000 0.050000	J1614+0737
76.279787 241.000000 -2.050000	J1614-2230
69.873476 241.000000 -2.000000	J1614-23
115.760536 241.000000 -3.000000	J1614-38
85.665776 241.250000 -2.066667	J1615-2940
118.293263 240.500000 -3.083333	J1622-3751
59.444599 240.750000 -0.066667	J1623-0841
59.444599 240.750000 -0.000000	J1623-0908
81.047273 240.750000 -2.050000	J1623-2631
84.622888 241.750000 1.016667	J1627+1419
35.458182 241.750000 8.000000	J1627+86
103.841819 242.000000 -3.000000	J1628-3205
31.882567 242.250000 4.000000	J1629+43
118.293263 242.250000 -3.050000	J1629-3636
33.372407 240.000000 3.000000	J1630+37
61.679359 240.250000 -1.016667	J1631-1612
65.403958 240.500000 -1.016667	J1632-1013
75.832835 240.750000 -2.000000	J1633-2009
48.270802 241.250000 2.016667	J1635+2418
61.679359 241.250000 -1.016667	J1635-1511
84.920856 241.250000 -2.000000	J1635-26
143.769520 242.000000 -3.016667	J1638-3815
48.121819 240.000000 2.033333	J1640+2224
34.415294 240.250000 3.033333	J1641+3627A
34.415294 240.250000 3.033333	J1641+3627B
34.415294 240.250000 3.033333	J1641+3627C
34.415294 240.250000 3.033333	J1641+3627D
34.415294 240.250000 3.033333	J1641+3627E
82.984065 240.250000 -2.066667	J1641-2347
69.873476 240.750000 -1.033333	J1643-1224
68.830589 241.250000 1.016667	J1645+1012
64.659038 241.250000 -0.016667	J1645-0317
89.688343 241.500000 -2.066667	J1646-2142
43.056364 241.750000 6.000000	J1647+66
143.769520 241.750000 -3.000000	J1647-3607
129.765028 242.000000 -3.083333	J1648-3256
45.887059 242.250000 2.050000	J1649+2533
35.011230 242.250000 8.000000	J1649+80
192.934226 242.250000 -3.000000	J1649-3805
70.022460 240.000000 -1.083333	J1650-1654
70.022460 240.250000 -1.000000	J1651-1709
45.887059 240.500000 2.083333	J1652+2651
69.575509 240.500000 -1.000000	J1652-1400
110.248129 240.500000 -2.000000	J1652-2404
97.137541 240.750000 -2.083333	J1653-2054
238.821285 240.750000 -3.050000	J1653-3838
104.884707 241.000000 -2.000000	J1654-23
103.990803 241.000000 -2.016667	J1654-2713
192.934226 241.000000 -3.016667	J1654-3710
129.765028 241.250000 -3.066667	J1655-3048
238.821285 241.250000 -3.066667	J1655-3844
192.934226 241.500000 -3.033333	J1656-3621
70.916364 242.250000 -1.000000	J1659-1305
180.717541 255.000000 -3.016667	J1700-3312
209.173477 255.000000 -3.016667	J1700-3611
141.385776 255.250000 -3.000000	J1701-3006A
141.385776 255.250000 -3.000000	J1701-3006B
141.385776 255.250000 -3.000000	J1701-3006C
141.385776 255.250000 -3.000000	J1701-3006D
141.385776 255.250000 -3.000000	J1701-3006E
141.385776 255.250000 -3.000000	J1701-3006F
166.117114 255.250000 -3.050000	J1701-3130
238.821285 255.250000 -3.033333	J1701-3726
84.920856 255.750000 -1.066667	J1703-1846
180.717541 255.750000 -3.066667	J1703-3241
324.040109 255.750000 -3.000000	J1703-38
67.787701 256.250000 -0.000000	J1705-04
89.241391 256.250000 -1.000000	J1705-1906
209.173477 256.250000 -3.033333	J1705-3423
40.821605 256.500000 5.000000	J1706+59
471.236260 256.500000 -3.050000	J1706-3839
262.956686 257.000000 -3.033333	J1708-3426
262.956686 257.000000 -3.000000	J1708-3506
372.012944 257.000000 -3.066667	J1708-3641
252.080857 257.000000 -5.000000	J1708-52
44.993155 257.250000 2.016667	J1709+2313
85.814760 257.250000 -1.066667	J1709-1640
372.012944 257.250000 -3.033333	J1709-3626
471.236260 257.250000 -3.066667	J1709-3841
38.586845 255.000000 4.000000	J1710+49
142.130696 255.000000 -2.016667	J1710-2616
543.940432 255.000000 -3.000000	J1710-37
85.814760 255.250000 -1.000000	J1711-1509
471.236260 255.250000 -3.033333	J1711-3826
155.837220 255.500000 -2.016667	J1712-2715
103.394867 255.750000 0.066667	J1713+0747
571.204496 255.750000 -3.066667	J1713-3844
84.622888 256.000000 -1.083333	J1714-1054
580.292518 256.000000 -3.016667	J1714-3810
324.785029 256.250000 -3.066667	J1715-3247
543.940432 256.250000 -3.000000	J1715-3700
571.204496 256.250000 -3.083333	J1715-3859
543.940432 256.500000 -3.033333	J1716-3720
372.012944 256.750000 -3.033333	J1717-3425
580.292518 256.750000 -3.050000	J1717-3737
580.292518 257.000000 -3.016667	J1718-3714
580.292518 257.000000 -3.016667	J1718-3718
580.292518 257.000000 -3.033333	J1718-3825
97.882461 257.250000 -1.050000	J1719-1438
131.701819 257.250000 -2.000000	J1719-23
50.654546 255.000000 2.083333	J1720+2150
82.835081 255.000000 -0.016667	J1720-0212
90.731231 255.000000 -1.050000	J1720-1633
155.837220 255.000000 -2.066667	J1720-2446
249.399146 255.000000 -2.050000	J1720-2933
580.292518 255.000000 -3.000000	J1720-36
580.292518 255.000000 -3.083333	J1720-3659
103.990803 255.250000 -1.050000	J1721-1936
103.990803 255.250000 -1.050000	J1721-1939
155.837220 255.250000 -2.083333	J1721-2457
543.940432 255.250000 -3.050000	J1721-3532
324.785029 255.500000 -3.000000	J1722-3207
446.206955 255.500000 -3.016667	J1722-3712
249.399146 255.750000 -2.050000	J1723-2837
249.399146 255.750000 -2.083333	J1723-2852
446.206955 255.750000 -3.000000	J1723-38
429.371768 256.000000 -3.066667	J1724-3149
580.292518 256.000000 -3.000000	J1724-35
580.292518 256.000000 -3.000000	J1724-3505
91.774118 256.250000 -0.050000	J1725-0732
249.399146 256.250000 -2.083333	J1725-2852
311.674441 256.250000 -3.066667	J1725-3848
68.681605 256.500000 -0.000000	J1726-00
429.371768 256.500000 -3.000000	J1726-31
446.206955 256.500000 -3.050000	J1726-3635
249.399146 256.750000 -2.050000	J1727-2739
313.760216 256.750000 -2.000000	J1727-29
313.760216 256.750000 -2.066667	J1727-2946
73.449091 257.000000 -0.000000	J1728-0007
311.674441 257.000000 -3.050000	J1728-3733
146.302247 257.250000 -2.016667	J1729-2117
161.945563 255.000000 -2.000000	J1730-2304
313.760216 255.000000 -2.000000	J1730-2900
620.667170 255.000000 -3.083333	J1730-3350
620.667170 255.000000 -3.083333	J1730-3353
620.667170 255.000000 -3.000000	J1730-34
123.805669 255.250000 -1.066667	J1731-1847
571.055512 255.250000 -3.033333	J1731-3123
620.667170 255.250000 -3.033333	J1731-3322
123.805669 255.500000 -1.050000	J1732-1930
571.055512 255.500000 -3.050000	J1732-3131
499.841180 255.500000 -3.000000	J1732-35
311.674441 255.500000 -3.033333	J1732-3729
161.945563 255.750000 -2.033333	J1733-2228
227.498504 255.750000 -2.050000	J1733-2533
470.193372 255.750000 -2.050000	J1733-2837
902.395835 255.750000 -3.050000	J1733-3030
620.667170 255.750000 -3.033333	J1733-3322
311.674441 255.750000 -3.016667	J1733-3716
85.665776 256.000000 -0.016667	J1734-0212
186.378932 256.000000 -2.016667	J1734-2415
902.395835 256.000000 -3.083333	J1734-3058
620.667170 256.000000 -3.050000	J1734-3333
93.412942 256.250000 -0.066667	J1735-0243
115.164600 256.250000 -0.033333	J1735-0724
620.667170 256.250000 -3.083333	J1735-3258
124.252621 256.500000 0.000000	J1736+05
227.498504 256.500000 -2.083333	J1736-2457
470.193372 256.500000 -2.016667	J1736-2819
470.193372 256.500000 -2.066667	J1736-2843
361.733051 256.500000 -3.016667	J1736-3511
125.295509 256.750000 -0.016667	J1737-0811
1322.232630 256.750000 -3.000000	J1737-3102
1322.232630 256.750000 -3.050000	J1737-3137
499.841180 256.750000 -3.033333	J1737-3320
361.733051 256.750000 -3.083333	J1737-3555
96.839573 257.000000 0.050000	J1738+0333
227.498504 257.000000 -2.050000	J1738-2330
293.498398 257.000000 -2.066667	J1738-2647
470.193372 257.000000 -2.050000	J1738-2736
902.395835 257.000000 -2.083333	J1738-2955
1322.232630 257.000000 -3.000000	J1738-3107
620.667170 257.000000 -3.016667	J1738-3211
124.252621 257.250000 0.016667	J1739+0612
133.638611 257.250000 -1.016667	J1739-1313
902.395835 257.250000 -2.000000	J1739-2903
1322.232630 257.250000 -3.033333	J1739-3023
1322.232630 257.250000 -3.066667	J1739-3049
1322.232630 257.250000 -3.050000	J1739-3131
84.920856 255.000000 1.000000	J1740+1000
65.701926 255.000000 1.016667	J1740+1311
293.498398 255.000000 -2.066667	J1740-2540
1322.232630 255.000000 -3.016667	J1740-3015
1322.232630 255.000000 -3.083333	J1740-3052
499.841180 255.000000 -3.033333	J1740-3327
65.701926 255.250000 1.083333	J1741+1351
43.950268 255.250000 2.083333	J1741+2758
133.936579 255.250000 -0.066667	J1741-0840
181.015509 255.250000 -2.016667	J1741-2019
181.015509 255.250000 -2.083333	J1741-2054
396.893265 255.250000 -2.016667	J1741-2719
396.893265 255.250000 -2.050000	J1741-2733
1322.232630 255.250000 -2.066667	J1741-2945
361.733051 255.250000 -3.000000	J1741-34
111.886953 255.750000 -0.050000	J1743-0339
144.514440 255.750000 -1.083333	J1743-1351
293.498398 255.750000 -2.066667	J1743-2442
965.565034 255.750000 -3.083333	J1743-3150
965.565034 255.750000 -3.083333	J1743-3153
274.875403 255.750000 -3.000000	J1743-35
133.638611 256.000000 -1.050000	J1744-1134
146.302247 256.000000 -1.016667	J1744-1610
293.498398 256.000000 -2.050000	J1744-2335
965.565034 256.000000 -3.050000	J1744-3130
167.904921 256.000000 -3.033333	J1744-3922
83.580001 256.250000 1.016667	J1745+1017
102.947915 256.250000 -0.033333	J1745-0129
122.315830 256.250000 -0.083333	J1745-0952
292.604494 256.250000 -2.033333	J1745-2229
1322.232630 256.250000 -2.000000	J1745-2900
1322.232630 256.250000 -2.016667	J1745-2910
1322.232630 256.250000 -2.016667	J1745-2912
965.565034 256.250000 -3.066667	J1745-3040
167.904921 256.250000 -3.016667	J1745-3812
53.336257 256.500000 2.066667	J1746+2245
45.738075 256.500000 2.066667	J1746+2540
622.454978 256.500000 -2.000000	J1746-27
1322.232630 256.500000 -2.083333	J1746-2856
471.832196 256.500000 -3.050000	J1746-3239
133.638611 256.750000 -1.050000	J1747-1030
532.766635 256.750000 -2.066667	J1747-2647
622.454978 256.750000 -2.000000	J1747-2802
622.454978 256.750000 -2.000000	J1747-2809
965.565034 256.750000 -2.083333	J1747-2958
144.514440 257.000000 -1.000000	J1748-1300
225.114761 257.000000 -2.033333	J1748-2021A
225.114761 257.000000 -2.033333	J1748-2021B
225.114761 257.000000 -2.033333	J1748-2021C
225.114761 257.000000 -2.033333	J1748-2021D
225.114761 257.000000 -2.033333	J1748-2021E
225.114761 257.000000 -2.033333	J1748-2021F
396.893265 257.000000 -2.066667	J1748-2444
396.893265 257.000000 -2.066667	J1748-2446A
396.893265 257.000000 -2.066667	J1748-2446C
396.893265 257.000000 -2.066667	J1748-2446D
396.893265 257.000000 -2.066667	J1748-2446E
396.893265 257.000000 -2.066667	J1748-2446F
396.893265 257.000000 -2.066667	J1748-2446G
396.893265 257.000000 -2.066667	J1748-2446H
396.893265 257.000000 -2.066667	J1748-2446I
396.893265 257.000000 -2.066667	J1748-2446J
396.893265 257.000000 -2.066667	J1748-2446K
396.893265 257.000000 -2.066667	J1748-2446L
396.893265 257.000000 -2.066667	J1748-2446M
396.893265 257.000000 -2.066667	J1748-2446N
396.893265 257.000000 -2.066667	J1748-2446O
396.893265 257.000000 -2.066667	J1748-2446P
396.893265 257.000000 -2.066667	J1748-2446Q
396.893265 257.000000 -2.066667	J1748-2446R
396.893265 257.000000 -2.066667	J1748-2446S
396.893265 257.000000 -2.066667	J1748-2446T
396.893265 257.000000 -2.066667	J1748-2446U
396.893265 257.000000 -2.066667	J1748-2446V
396.893265 257.000000 -2.066667	J1748-2446W
396.893265 257.000000 -2.066667	J1748-2446X
396.893265 257.000000 -2.066667	J1748-2446Y
396.893265 257.000000 -2.066667	J1748-2446Z
396.893265 257.000000 -2.066667	J1748-2446aa
396.893265 257.000000 -2.066667	J1748-2446ab
396.893265 257.000000 -2.066667	J1748-2446ac
396.893265 257.000000 -2.066667	J1748-2446ad
396.893265 257.000000 -2.066667	J1748-2446ae
396.893265 257.000000 -2.066667	J1748-2446af
396.893265 257.000000 -2.066667	J1748-2446ag
396.893265 257.000000 -2.066667	J1748-2446ah
396.893265 257.000000 -2.066667	J1748-2446ai
965.565034 257.000000 -3.000000	J1748-30
965.565034 257.000000 -3.000000	J1748-3009
393.615618 257.250000 -2.066667	J1749-2347
532.766635 257.250000 -2.033333	J1749-2629
292.604494 255.000000 -2.066667	J1750-2043
532.766635 255.000000 -2.050000	J1750-2438
532.766635 255.000000 -2.066667	J1750-2444
532.766635 255.000000 -2.050000	J1750-2536
544.387384 255.000000 -2.000000	J1750-28
293.349414 255.000000 -3.083333	J1750-3157
217.367595 255.000000 -3.000000	J1750-3503
183.846205 255.000000 -3.000000	J1750-3703A
183.846205 255.000000 -3.000000	J1750-3703B
183.846205 255.000000 -3.000000	J1750-3703C
183.846205 255.000000 -3.000000	J1750-3703D
532.766635 255.250000 -2.016667	J1751-2516
544.387384 255.250000 -2.083333	J1751-2857
293.349414 255.250000 -3.033333	J1751-3323
46.036043 255.500000 2.083333	J1752+2359
541.258721 255.500000 -2.016667	J1752-2410
544.387384 255.500000 -2.000000	J1752-2806
544.387384 255.500000 -2.033333	J1752-2821
153.751445 255.750000 -1.000000	J1753-12
251.186954 255.750000 -1.016667	J1753-1914
393.615618 255.750000 -2.066667	J1753-2240
532.766635 255.750000 -2.000000	J1753-2501
154.794333 255.750000 -3.000000	J1753-38
38.735829 256.000000 5.000000	J1754+5201
471.832196 256.000000 -3.000000	J1754-30
183.846205 256.000000 -3.066667	J1754-3443
183.846205 256.000000 -3.016667	J1754-3510
169.096793 256.250000 -0.000000	J1755-0903
195.764921 256.250000 -1.083333	J1755-1650
393.615618 256.250000 -2.033333	J1755-2025
622.454978 256.250000 -2.000000	J1755-25
622.454978 256.250000 -2.033333	J1755-2521
622.454978 256.250000 -2.033333	J1755-25211
622.454978 256.250000 -2.050000	J1755-2534
544.387384 256.250000 -2.033333	J1755-2725
238.225349 256.250000 -3.000000	J1755-33
170.288664 256.250000 -3.016667	J1755-3716
61.083423 256.500000 1.000000	J1756+18
541.258721 256.500000 -2.033333	J1756-2225
541.258721 256.500000 -2.083333	J1756-2251
655.380433 256.500000 -2.050000	J1756-2435
622.454978 256.500000 -2.000000	J1756-25
544.387384 256.500000 -2.016667	J1756-2619
178.184814 256.750000 -1.000000	J1757-15
541.258721 256.750000 -2.033333	J1757-2223
655.380433 256.750000 -2.033333	J1757-2421
400.468880 256.750000 -2.000000	J1757-27
41.119572 257.000000 3.050000	J1758+3030
354.134869 257.000000 -1.050000	J1758-1931
541.258721 257.000000 -2.000000	J1758-2206
544.387384 257.000000 -2.050000	J1758-2630
400.468880 257.000000 -2.066667	J1758-2846
182.505349 257.250000 -1.033333	J1759-1029
251.186954 257.250000 -1.050000	J1759-1736
354.134869 257.250000 -1.000000	J1759-1903
354.134869 257.250000 -1.066667	J1759-1940
354.134869 257.250000 -1.083333	J1759-1956
655.380433 257.250000 -2.000000	J1759-2302
655.380433 257.250000 -2.000000	J1759-2307
655.380433 257.250000 -2.000000	J1759-24
544.387384 257.250000 -2.066667	J1759-2549
309.439681 257.250000 -2.033333	J1759-2922
238.225349 257.250000 -3.000000	J1759-3107
39.033797 270.000000 5.000000	J1800+50
135.575402 270.000000 -0.033333	J1800-0125
541.258721 270.000000 -2.016667	J1800-2114
145.259359 270.250000 -0.083333	J1801-0357
182.505349 270.250000 -0.083333	J1801-0857A
182.505349 270.250000 -0.083333	J1801-0857B
182.505349 270.250000 -0.083333	J1801-0857C
182.505349 270.250000 -0.083333	J1801-0857D
208.875510 270.250000 -1.016667	J1801-1417
354.134869 270.250000 -1.000000	J1801-1909
541.258721 270.250000 -2.016667	J1801-2115
541.258721 270.250000 -2.083333	J1801-2154
655.380433 270.250000 -2.000000	J1801-2304
557.348988 270.250000 -2.083333	J1801-2451
309.439681 270.250000 -2.033333	J1801-2920
213.047060 270.250000 -3.016667	J1801-3210
194.871017 270.250000 -3.083333	J1801-3458
97.733477 270.500000 0.033333	J1802+0128
97.733477 270.500000 0.000000	J1802+03
152.410589 270.500000 -0.000000	J1802-05
354.134869 270.500000 -1.066667	J1802-1745
557.348988 270.500000 -2.033333	J1802-2426
194.871017 270.500000 -3.066667	J1802-3346
265.340430 270.750000 -1.016667	J1803-1616
497.159469 270.750000 -1.083333	J1803-1857
497.159469 270.750000 -1.033333	J1803-1920
655.380433 270.750000 -2.050000	J1803-2137
655.380433 270.750000 -2.066667	J1803-2149
309.439681 270.750000 -2.016667	J1803-2712
253.272729 270.750000 -3.000000	J1803-30
253.272729 270.750000 -3.000000	J1803-3002B
253.272729 270.750000 -3.000000	J1803-3002C
161.498611 271.000000 -0.050000	J1804-0735
655.380433 271.000000 -2.033333	J1804-2228
309.439681 271.000000 -2.000000	J1804-28
97.733477 271.250000 0.000000	J1805+0306
161.498611 271.250000 -0.016667	J1805-0619
265.340430 271.250000 -1.000000	J1805-1504
575.971983 271.250000 -2.050000	J1805-2032
575.971983 271.250000 -2.050000	J1805-2037
390.486955 271.250000 -2.066667	J1805-2447
253.272729 271.250000 -2.066667	J1805-2948
76.577755 271.500000 1.033333	J1806+1023
237.331446 271.500000 -1.083333	J1806-1154
349.665350 271.500000 -1.016667	J1806-1618
497.159469 271.500000 -1.033333	J1806-1920
575.971983 271.500000 -2.033333	J1806-2125
97.733477 271.750000 0.000000	J1807+04
90.135295 271.750000 0.083333	J1807+0756
199.489520 271.750000 -0.066667	J1807-0847
390.486955 271.750000 -2.083333	J1807-2459A
390.486955 271.750000 -2.083333	J1807-2459B
301.096580 271.750000 -2.083333	J1807-2557
309.439681 271.750000 -2.016667	J1807-2715
144.663424 272.000000 0.000000	J1808+00
175.950055 272.000000 -0.016667	J1808-0813
216.324707 272.000000 -1.033333	J1808-1020
349.665350 272.000000 -1.016667	J1808-1517
462.446207 272.000000 -1.033333	J1808-1726
575.971983 272.000000 -2.033333	J1808-2024
575.971983 272.000000 -2.083333	J1808-2057
194.871017 272.000000 -3.066667	J1808-3249
147.047167 272.250000 -0.016667	J1809-0119
175.950055 272.250000 -0.066667	J1809-0743
349.665350 272.250000 -1.033333	J1809-1429
575.971983 272.250000 -1.083333	J1809-1850
575.971983 272.250000 -1.016667	J1809-1917
575.971983 272.250000 -1.066667	J1809-1943
476.450699 272.250000 -2.000000	J1809-2109
390.486955 272.250000 -2.050000	J1809-2332
145.408343 272.250000 -3.066667	J1809-3547
65.999894 270.000000 1.066667	J1810+1744
349.665350 270.000000 -1.066667	J1810-1441
575.971983 270.000000 -1.033333	J1810-1820
91.625134 270.250000 0.000000	J1811+0702
150.622782 270.250000 -0.083333	J1811-0154
237.331446 270.250000 -1.066667	J1811-1049
462.446207 270.250000 -1.016667	J1811-1717
543.046528 270.250000 -1.050000	J1811-1736
575.971983 270.250000 -1.050000	J1811-1835
575.971983 270.250000 -1.033333	J1811-1925
301.096580 270.250000 -2.000000	J1811-2405
301.096580 270.250000 -2.050000	J1811-2439
107.715402 270.500000 0.033333	J1812+0226
476.450699 270.500000 -2.000000	J1812-2102
301.096580 270.500000 -2.033333	J1812-2526
210.067381 270.500000 -2.066667	J1812-2748
176.099039 270.500000 -3.050000	J1812-3039
71.959252 270.750000 1.033333	J1813+1822
35.607166 270.750000 4.016667	J1813+4013
356.220644 270.750000 -1.066667	J1813-1246
543.046528 270.750000 -1.066667	J1813-1749
343.110056 270.750000 -2.016667	J1813-2113
343.110056 270.750000 -2.066667	J1813-2242
255.805456 270.750000 -2.033333	J1813-2621
83.282033 271.000000 1.050000	J1814+1130
175.950055 271.000000 -0.033333	J1814-0521
192.338290 271.000000 -0.016667	J1814-0618
543.046528 271.000000 -1.066667	J1814-1649
543.046528 271.000000 -1.066667	J1814-1744
43.950268 271.250000 5.000000	J1815+55
543.046528 271.250000 -1.050000	J1815-1738
476.450699 271.250000 -1.016667	J1815-1910
39.033797 271.500000 4.016667	J1816+4510
212.302141 271.500000 -0.083333	J1816-0755
462.446207 271.500000 -1.066667	J1816-1446
220.049306 271.500000 -2.083333	J1816-2650
212.302141 271.750000 -0.066667	J1817-0743
543.046528 271.750000 -1.016667	J1817-1511
343.110056 271.750000 -1.050000	J1817-1938
301.096580 271.750000 -2.016667	J1817-2311
128.871124 271.750000 -3.016667	J1817-3618
116.058504 271.750000 -3.050000	J1817-3837
159.263851 272.000000 -0.000000	J1818-01
356.220644 272.000000 -1.016667	J1818-1116
462.446207 272.000000 -1.033333	J1818-1422
543.046528 272.000000 -1.066667	J1818-1448
543.046528 272.000000 -1.066667	J1818-1541
543.046528 272.000000 -1.083333	J1818-1556
93.710910 272.250000 1.000000	J1819+1305
245.078611 272.250000 -0.033333	J1819-0925
356.220644 272.250000 -1.000000	J1819-1008
356.220644 272.250000 -1.016667	J1819-1114
356.220644 272.250000 -1.050000	J1819-1131
449.484602 272.250000 -1.016667	J1819-1318
514.888560 272.250000 -1.000000	J1819-1408
543.046528 272.250000 -1.083333	J1819-1458
543.046528 272.250000 -1.016667	J1819-1510
474.662891 272.250000 -1.000000	J1819-17
474.662891 272.250000 -1.016667	J1819-1717
200.681392 270.000000 -0.033333	J1820-0427
200.681392 270.000000 -0.000000	J1820-0509
514.888560 270.000000 -1.066667	J1820-1346
543.046528 270.000000 -1.033333	J1820-1529
324.934013 270.000000 -1.016667	J1820-1818
142.130696 270.250000 0.083333	J1821+0155
82.388129 270.250000 1.016667	J1821+1715
31.137647 270.250000 4.000000	J1821+41
200.681392 270.250000 -0.083333	J1821-0256
200.681392 270.250000 -0.050000	J1821-0331
514.888560 270.250000 -1.016667	J1821-1419
514.888560 270.250000 -1.050000	J1821-1432
103.543851 270.500000 0.000000	J1822+0705
89.390375 270.500000 1.033333	J1822+1120
308.396794 270.500000 -0.066667	J1822-0848
308.396794 270.500000 -0.000000	J1822-0907
514.888560 270.500000 -1.083333	J1822-1252
514.888560 270.500000 -1.000000	J1822-1400
474.662891 270.500000 -1.000000	J1822-1604
474.662891 270.500000 -1.016667	J1822-1617
253.570697 270.500000 -2.083333	J1822-2256
113.078824 270.750000 0.083333	J1823+0550
200.681392 270.750000 -0.083333	J1823-0154
449.484602 270.750000 -1.016667	J1823-1115
449.484602 270.750000 -1.033333	J1823-1126
514.888560 270.750000 -1.066667	J1823-1347
474.662891 270.750000 -1.033333	J1823-1526
324.934013 270.750000 -1.000000	J1823-1807
134.383530 270.750000 -3.033333	J1823-3021A
134.383530 270.750000 -3.033333	J1823-3021B
134.383530 270.750000 -3.033333	J1823-3021C
134.383530 270.750000 -3.033333	J1823-3021D
134.383530 270.750000 -3.033333	J1823-3021E
134.383530 270.750000 -3.033333	J1823-3021F
134.383530 270.750000 -3.000000	J1823-3106
181.015509 271.000000 -0.033333	J1824-0127
449.484602 271.000000 -1.016667	J1824-1118
514.888560 271.000000 -1.083333	J1824-1159
439.949629 271.000000 -1.083333	J1824-1350
439.949629 271.000000 -1.033333	J1824-1423
439.949629 271.000000 -1.000000	J1824-1500
281.132729 271.000000 -1.066667	J1824-1945
253.570697 271.000000 -2.050000	J1824-2233
223.922889 271.000000 -2.033333	J1824-2328
189.507595 271.000000 -2.083333	J1824-2452A
189.507595 271.000000 -2.083333	J1824-2452B
189.507595 271.000000 -2.083333	J1824-2452C
189.507595 271.000000 -2.083333	J1824-2452D
189.507595 271.000000 -2.083333	J1824-2452E
189.507595 271.000000 -2.083333	J1824-2452F
189.507595 271.000000 -2.083333	J1824-2452G
189.507595 271.000000 -2.083333	J1824-2452H
189.507595 271.000000 -2.083333	J1824-2452I
189.507595 271.000000 -2.083333	J1824-2452J
189.507595 271.000000 -2.083333	J1824-2452K
189.507595 271.000000 -2.083333	J1824-2452L
189.507595 271.000000 -2.050000	J1824-2537
170.586632 271.250000 0.000000	J1825+0004
229.137328 271.250000 -0.016667	J1825-0319
438.608773 271.250000 -0.050000	J1825-0935
439.949629 271.250000 -1.066667	J1825-1446
124.401605 271.250000 -3.000000	J1825-31
115.462568 271.250000 -3.000000	J1825-33
514.888560 271.500000 -1.050000	J1826-1131
514.888560 271.500000 -1.083333	J1826-1256
439.949629 271.500000 -1.050000	J1826-1334
439.949629 271.500000 -1.016667	J1826-1419
324.934013 271.500000 -1.033333	J1826-1526
308.396794 271.750000 -0.083333	J1827-0750
438.608773 271.750000 -0.050000	J1827-0934
438.608773 271.750000 -0.083333	J1827-0958
123.060750 272.000000 0.033333	J1828+0625
98.031445 272.000000 1.083333	J1828+1359
293.945350 272.000000 -0.016667	J1828-0611
544.685352 272.000000 -1.083333	J1828-1057
514.888560 272.000000 -1.000000	J1828-1101
439.949629 272.000000 -1.050000	J1828-1336
223.922889 272.000000 -2.016667	J1828-2119
181.015509 272.250000 0.000000	J1829+0000
56.464920 272.250000 2.083333	J1829+2456
438.608773 272.250000 -0.050000	J1829-0734
544.685352 272.250000 -1.016667	J1829-1011
228.690376 272.250000 -1.083333	J1829-1751
190.699467 270.000000 -0.083333	J1830-0052
190.699467 270.000000 -0.050000	J1830-0131
544.685352 270.000000 -1.000000	J1830-10
544.685352 270.000000 -1.083333	J1830-1059
439.949629 270.000000 -1.050000	J1830-1135
439.949629 270.000000 -1.016667	J1830-1313
303.927275 270.000000 -1.016667	J1830-1414
438.608773 270.250000 -0.033333	J1831-0823
544.685352 270.250000 -0.083333	J1831-0952
439.949629 270.250000 -1.033333	J1831-1223
303.927275 270.250000 -1.033333	J1831-1329
303.927275 270.250000 -1.033333	J1831-1423
190.699467 270.500000 0.033333	J1832+0029
388.401179 270.500000 -0.066667	J1832-0644
544.685352 270.500000 -0.033333	J1832-0827
452.315297 270.500000 -1.033333	J1832-1021
122.017862 270.500000 -2.000000	J1832-28
217.665563 270.750000 -0.000000	J1833-0209
293.945350 270.750000 -0.050000	J1833-0338
388.401179 270.750000 -0.083333	J1833-0556
388.401179 270.750000 -0.083333	J1833-0559
544.685352 270.750000 -0.033333	J1833-0827
544.685352 270.750000 -0.050000	J1833-0831
452.315297 270.750000 -1.050000	J1833-1034
452.315297 270.750000 -1.083333	J1833-1055
104.437755 271.000000 1.000000	J1834+10
190.699467 271.000000 -0.016667	J1834-0010
217.665563 271.000000 -0.050000	J1834-0031
293.945350 271.000000 -0.033333	J1834-0426
388.401179 271.000000 -0.000000	J1834-0602
388.401179 271.000000 -0.050000	J1834-0633
544.685352 271.000000 -0.050000	J1834-0731
544.685352 271.000000 -0.066667	J1834-0742
544.685352 271.000000 -0.016667	J1834-0812
544.685352 271.000000 -0.066667	J1834-0845
452.315297 271.000000 -0.000000	J1834-09
303.927275 271.000000 -1.000000	J1834-1202
175.801071 271.000000 -1.016667	J1834-1710
147.792087 271.000000 -1.083333	J1834-1855
217.665563 271.250000 -0.016667	J1835-0114
293.945350 271.250000 -0.066667	J1835-0349
388.401179 271.250000 -0.033333	J1835-0522
388.401179 271.250000 -0.066667	J1835-0643
452.315297 271.250000 -0.033333	J1835-0924
452.315297 271.250000 -0.033333	J1835-0928
452.315297 271.250000 -0.066667	J1835-0944
452.315297 271.250000 -1.033333	J1835-1020
308.694762 271.250000 -1.000000	J1835-1106
185.931980 271.250000 -1.066667	J1835-1548
100.117220 271.250000 -3.083333	J1835-3259A
50.505562 271.500000 5.033333	J1836+5925
388.401179 271.500000 -0.050000	J1836-0436
388.401179 271.500000 -0.016667	J1836-0517
452.315297 271.500000 -1.000000	J1836-1008
308.694762 271.500000 -1.000000	J1836-11
224.071873 271.500000 -1.033333	J1836-1324
121.570910 271.500000 -2.083333	J1836-2354A
121.570910 271.500000 -2.083333	J1836-2354B
190.699467 271.750000 0.083333	J1837+0053
104.437755 271.750000 1.033333	J1837+1221
217.665563 271.750000 -0.066667	J1837-0045
463.489094 271.750000 -0.083333	J1837-0559
463.489094 271.750000 -0.000000	J1837-0604
463.489094 271.750000 -0.083333	J1837-0653
452.315297 271.750000 -0.000000	J1837-08
224.071873 271.750000 -1.066667	J1837-1243
147.792087 271.750000 -1.050000	J1837-1837
92.817006 272.000000 1.083333	J1838+1650
278.748986 272.000000 -0.000000	J1838-01
278.748986 272.000000 -0.000000	J1838-0107
388.401179 272.000000 -0.083333	J1838-0453
463.489094 272.000000 -0.050000	J1838-0537
463.489094 272.000000 -0.033333	J1838-0624
308.694762 272.000000 -1.066667	J1838-1046
133.042675 272.000000 -1.066667	J1838-1849
98.627380 272.250000 1.000000	J1839+15
278.748986 272.250000 -0.000000	J1839-01
375.886527 272.250000 -0.033333	J1839-0223
375.886527 272.250000 -0.033333	J1839-0321
388.401179 272.250000 -0.050000	J1839-0332
388.401179 272.250000 -0.000000	J1839-0402
388.401179 272.250000 -0.050000	J1839-0436
463.489094 272.250000 -0.083333	J1839-0459
463.489094 272.250000 -0.033333	J1839-0627
308.694762 272.250000 -0.000000	J1839-0905
224.071873 272.250000 -1.050000	J1839-1238
202.320215 270.000000 0.016667	J1840+0214
56.613904 270.000000 5.066667	J1840+5640
463.489094 270.000000 -0.000000	J1840-04
463.489094 270.000000 -0.083333	J1840-0559
463.489094 270.000000 -0.033333	J1840-0626
410.450805 270.000000 -0.066667	J1840-0643
410.450805 270.000000 -0.083333	J1840-0753
452.315297 270.000000 -0.000000	J1840-0809
452.315297 270.000000 -0.016667	J1840-0815
308.694762 270.000000 -0.066667	J1840-0840
229.882248 270.000000 -1.033333	J1840-1122
229.882248 270.000000 -1.000000	J1840-1207
185.931980 270.000000 -1.016667	J1840-1419
202.320215 270.250000 0.050000	J1841+0130
146.898183 270.250000 0.016667	J1841+0912
375.886527 270.250000 -0.083333	J1841-0157
375.886527 270.250000 -0.016667	J1841-0310
463.489094 270.250000 -0.066667	J1841-0345
463.489094 270.250000 -0.033333	J1841-0425
463.489094 270.250000 -0.033333	J1841-0524
185.931980 270.250000 -1.000000	J1841-1404
202.320215 270.500000 0.083333	J1842+0257
173.715295 270.500000 0.083333	J1842+0358
162.690482 270.500000 0.050000	J1842+0638
107.119466 270.500000 1.050000	J1842+1332
375.886527 270.500000 -0.083333	J1842-0153
463.489094 270.500000 -0.083333	J1842-0359
410.450805 270.500000 -0.016667	J1842-0612
320.166526 270.500000 -0.000000	J1842-0800
308.694762 270.500000 -0.000000	J1842-0905
81.941177 270.750000 2.033333	J1843+2024
278.748986 270.750000 -0.000000	J1843-0000
375.886527 270.750000 -0.083333	J1843-0050
463.489094 270.750000 -0.000000	J1843-0408
410.450805 270.750000 -0.083333	J1843-0459
410.450805 270.750000 -0.000000	J1843-0702
320.166526 270.750000 -0.066667	J1843-0744
320.166526 270.750000 -0.000000	J1843-0806
229.882248 270.750000 -1.016667	J1843-1113
159.710803 270.750000 -1.066667	J1843-1448
159.710803 270.750000 -1.000000	J1843-1507
251.484922 271.000000 0.000000	J1844+00
251.484922 271.000000 0.016667	J1844+0115
106.374546 271.000000 1.083333	J1844+1454
432.351447 271.000000 -0.000000	J1844-02
432.351447 271.000000 -0.066667	J1844-0244
432.351447 271.000000 -0.083333	J1844-0256
432.351447 271.000000 -0.000000	J1844-0302
410.450805 271.000000 -0.000000	J1844-0502
410.450805 271.000000 -0.050000	J1844-0538
187.421820 271.250000 0.033333	J1845+0623
432.351447 271.250000 -0.016667	J1845-0316
410.450805 271.250000 -0.050000	J1845-0434
410.450805 271.250000 -0.066667	J1845-0545
320.166526 271.250000 -0.050000	J1845-0635
320.166526 271.250000 -0.066667	J1845-0743
320.166526 271.250000 -0.033333	J1845-0826
183.548237 271.250000 -1.016667	J1845-1114
159.710803 271.250000 -1.083333	J1845-1351
335.362890 271.500000 0.083333	J1846+0051
140.640857 271.500000 0.016667	J1846+0919
432.351447 271.500000 -0.083333	J1846-0257
432.351447 271.500000 -0.083333	J1846-0258
320.166526 271.500000 -0.066667	J1846-0749
432.351447 271.750000 -0.050000	J1847-0130
364.414762 271.750000 -0.000000	J1847-0402
410.450805 271.750000 -0.050000	J1847-0438
410.450805 271.750000 -0.066667	J1847-0443
320.166526 271.750000 -0.000000	J1847-0605
251.484922 272.000000 0.083333	J1848+0351
222.880002 272.000000 0.000000	J1848+0604
187.421820 272.000000 0.066667	J1848+0647
187.421820 272.000000 0.033333	J1848+0826
123.507701 272.000000 1.000000	J1848+12
432.351447 272.000000 -0.033333	J1848-0023
432.351447 272.000000 -0.083333	J1848-0055
432.351447 272.000000 -0.033333	J1848-0123
320.166526 272.000000 -0.016667	J1848-0511
154.645349 272.000000 -1.083333	J1848-1150
154.645349 272.000000 -1.000000	J1848-12
136.469306 272.000000 -1.016667	J1848-1414
106.374546 272.000000 -1.083333	J1848-1952
335.362890 272.250000 0.033333	J1849+0127
251.484922 272.250000 0.000000	J1849+0409
72.257220 272.250000 2.033333	J1849+2423
335.362890 272.250000 -0.000000	J1849-0001
364.414762 272.250000 -0.016667	J1849-0317
320.166526 272.250000 -0.016667	J1849-0614
320.166526 272.250000 -0.050000	J1849-0636
396.595297 270.000000 0.033333	J1850+0026
335.362890 270.000000 0.066667	J1850+0242
124.401605 270.000000 1.050000	J1850+1335
116.654439 270.000000 1.000000	J1850+15
396.595297 270.000000 -0.000000	J1850-0006
432.351447 270.000000 -0.050000	J1850-0031
335.362890 270.250000 0.016667	J1851+0118
335.362890 270.250000 0.050000	J1851+0232
260.125991 270.250000 0.016667	J1851+0418
124.401605 270.250000 1.083333	J1851+1259
396.595297 270.250000 -0.033333	J1851-0029
364.414762 270.250000 -0.016667	J1851-0114
364.414762 270.250000 -0.066667	J1851-0241
396.595297 270.500000 0.000000	J1852+0008
396.595297 270.500000 0.016667	J1852+0013
396.595297 270.500000 0.050000	J1852+0031
396.595297 270.500000 0.050000	J1852+0033
396.595297 270.500000 0.066667	J1852+0040
335.362890 270.500000 0.000000	J1852+0305
364.414762 270.500000 -0.016667	J1852-0118
250.888986 270.500000 -0.050000	J1852-0635
81.643209 270.500000 -2.016667	J1852-2610
260.125991 270.750000 0.000000	J1853+0505
260.125991 270.750000 0.066667	J1853+0545
164.776258 270.750000 0.083333	J1853+0853
126.189413 270.750000 1.000000	J1853+1303
332.234227 271.000000 0.000000	J1854+00
335.362890 271.000000 0.000000	J1854+0306
335.362890 271.000000 0.016667	J1854+0317
164.776258 271.000000 1.083333	J1854+1050
123.656685 271.000000 -1.033333	J1854-1421
117.101391 271.000000 -1.083333	J1854-1557
396.595297 271.250000 0.000000	J1855+0205
310.780537 271.250000 0.033333	J1855+0422
260.125991 271.250000 0.033333	J1855+0527
260.125991 271.250000 0.000000	J1855+0700
174.758183 271.250000 -0.066667	J1855-0941
332.234227 271.500000 0.000000	J1856+0102
396.595297 271.500000 0.016667	J1856+0113
396.595297 271.500000 0.066667	J1856+0245
310.780537 271.500000 0.000000	J1856+0404
200.085456 271.500000 -0.033333	J1856-0526
78.961498 271.500000 -3.083333	J1856-3754
332.234227 271.750000 0.066667	J1857+0143
396.595297 271.750000 0.016667	J1857+0210
396.595297 271.750000 0.016667	J1857+0212
310.780537 271.750000 0.033333	J1857+0526
213.047060 271.750000 0.000000	J1857+0809
187.719787 271.750000 0.066667	J1857+0943
139.151017 271.750000 -1.033333	J1857-1027
396.595297 272.000000 0.016667	J1858+0215
396.595297 272.000000 0.066667	J1858+0241
354.134869 272.000000 0.066667	J1858+0346
174.758183 272.000000 -0.050000	J1858-0736
91.625134 272.000000 -2.016667	J1858-2216
233.606847 272.250000 0.000000	J1859+00
310.780537 272.250000 0.000000	J1859+0601
126.189413 272.250000 1.033333	J1859+1526
37.692941 272.250000 7.000000	J1859+76
332.234227 285.000000 0.033333	J1900+0227
324.487061 285.000000 0.000000	J1900+0308
310.780537 285.000000 0.050000	J1900+0634
55.124065 285.000000 3.000000	J1900+30
233.606847 285.000000 -0.083333	J1900-0051
154.347381 285.000000 -0.000000	J1900-09
80.451337 285.000000 -2.000000	J1900-2600
233.606847 285.250000 0.000000	J1901+00
233.606847 285.250000 0.033333	J1901+0124
332.234227 285.250000 0.083333	J1901+0156
324.487061 285.250000 0.083333	J1901+0254
324.487061 285.250000 0.000000	J1901+0300
324.487061 285.250000 0.033333	J1901+0320
354.134869 285.250000 0.083333	J1901+0355
354.134869 285.250000 0.016667	J1901+0413
354.134869 285.250000 0.050000	J1901+0435
354.134869 285.250000 0.083333	J1901+0459
354.134869 285.250000 0.016667	J1901+0510
259.530055 285.250000 0.016667	J1901+0716
130.360964 285.250000 1.000000	J1901+1306
200.085456 285.250000 -0.016667	J1901-0312
200.085456 285.250000 -0.016667	J1901-0315
154.347381 285.250000 -0.000000	J1901-0906
99.223316 285.250000 -1.066667	J1901-1740
354.134869 285.500000 0.083333	J1902+0556
354.134869 285.500000 0.016667	J1902+0615
200.085456 285.500000 -0.066667	J1902-0340
135.873370 285.500000 -1.000000	J1902-10
233.606847 285.750000 0.050000	J1903+0135
324.487061 285.750000 0.033333	J1903+0327
324.487061 285.750000 0.016667	J1903+0415
213.047060 285.750000 0.033333	J1903+0925
74.640963 285.750000 2.033333	J1903+2225
200.085456 285.750000 -0.083333	J1903-0258
154.347381 285.750000 -0.050000	J1903-0632
135.873370 285.750000 -0.066667	J1903-0848
188.017755 286.000000 0.000000	J1904+0004
324.487061 286.000000 0.016667	J1904+0412
324.487061 286.000000 0.083333	J1904+0451
259.530055 286.000000 0.050000	J1904+0738
259.530055 286.000000 0.000000	J1904+0800
213.047060 286.000000 1.016667	J1904+1011
173.268344 286.000000 -0.083333	J1904-0150
122.911766 286.000000 -1.033333	J1904-1224
99.223316 286.000000 -1.000000	J1904-16
233.606847 286.250000 0.083333	J1905+0154A
354.134869 286.250000 0.000000	J1905+0600
354.134869 286.250000 0.016667	J1905+0616
291.710590 286.250000 0.000000	J1905+0709
259.530055 286.250000 0.000000	J1905+0902
173.268344 286.250000 -0.083333	J1905-0056
188.017755 286.500000 0.083333	J1906+0055
271.895724 286.500000 0.016667	J1906+0414
291.710590 286.500000 0.066667	J1906+0641
291.710590 286.500000 0.066667	J1906+0649
291.710590 286.500000 0.033333	J1906+0722
291.710590 286.500000 0.066667	J1906+0746
259.530055 286.500000 0.016667	J1906+0912
89.837327 286.500000 1.083333	J1906+1854
271.895724 286.750000 0.066667	J1907+0249
271.895724 286.750000 0.083333	J1907+0256
271.895724 286.750000 0.066667	J1907+0345
324.487061 286.750000 0.000000	J1907+05
324.487061 286.750000 0.050000	J1907+0534
324.487061 286.750000 0.000000	J1907+0602
291.710590 286.750000 0.050000	J1907+0731
259.530055 286.750000 0.016667	J1907+0918
175.205135 286.750000 1.066667	J1907+1149
175.205135 286.750000 1.066667	J1907+1247
42.758396 286.750000 4.000000	J1907+4002
101.905027 286.750000 -1.050000	J1907-1532
324.487061 287.000000 0.083333	J1908+0457
291.710590 287.000000 0.050000	J1908+0839
291.710590 287.000000 0.000000	J1908+0909
291.710590 287.000000 0.016667	J1908+0916
74.640963 287.000000 2.083333	J1908+2351
173.268344 287.250000 0.000000	J1909+0007
235.394654 287.250000 0.083333	J1909+0254
257.891232 287.250000 0.016667	J1909+0616
257.891232 287.250000 0.066667	J1909+0641
291.710590 287.250000 0.066667	J1909+0749
232.563959 287.250000 1.000000	J1909+1102
143.769520 287.250000 1.083333	J1909+1450
89.837327 287.250000 1.083333	J1909+1859
70.469412 287.250000 -3.066667	J1909-3744
235.394654 285.000000 0.033333	J1910+0225
271.895724 285.000000 0.083333	J1910+0358
271.895724 285.000000 0.050000	J1910+0534
257.891232 285.000000 0.016667	J1910+0714
257.891232 285.000000 0.033333	J1910+0728
259.530055 285.000000 1.033333	J1910+1027
175.205135 285.000000 1.050000	J1910+1231
175.205135 285.000000 1.083333	J1910+1256
166.862033 285.000000 -0.016667	J1910-0112
156.135188 285.000000 -0.000000	J1910-0309
173.268344 285.250000 0.000000	J1911+00
173.268344 285.250000 0.000000	J1911+0101A
173.268344 285.250000 0.000000	J1911+0101B
291.710590 285.250000 0.000000	J1911+09
291.710590 285.250000 1.000000	J1911+10
175.205135 285.250000 1.066667	J1911+1347
100.266204 285.250000 1.083333	J1911+1758
97.286525 285.250000 -1.016667	J1911-1114
286.347168 285.500000 1.050000	J1912+1036
82.090161 285.500000 2.000000	J1912+2104
67.191765 285.500000 2.033333	J1912+2525
235.394654 285.750000 0.066667	J1913+0446
212.451125 285.750000 0.016667	J1913+0617
257.891232 285.750000 0.050000	J1913+0832
257.891232 285.750000 0.000000	J1913+0904
257.891232 285.750000 0.050000	J1913+0936
291.710590 285.750000 1.000000	J1913+1000
291.710590 285.750000 1.016667	J1913+1011
286.347168 285.750000 1.000000	J1913+1103
286.347168 285.750000 1.066667	J1913+1145
232.563959 285.750000 1.050000	J1913+1330
44.993155 285.750000 3.050000	J1913+3732
138.555081 285.750000 -0.066667	J1913-0440
202.171231 286.000000 0.016667	J1914+0219
212.451125 286.000000 0.050000	J1914+0631
212.451125 286.000000 0.083333	J1914+0659
286.347168 286.000000 1.033333	J1914+1122
202.171231 286.250000 0.033333	J1915+0227
212.451125 286.250000 0.050000	J1915+0738
212.451125 286.250000 0.083333	J1915+0752
257.891232 286.250000 0.050000	J1915+0838
250.144066 286.250000 1.000000	J1915+1009
286.347168 286.250000 1.066667	J1915+1144
286.347168 286.250000 1.066667	J1915+1149
232.563959 286.250000 1.016667	J1915+1410
144.812407 286.250000 1.000000	J1915+1606
144.812407 286.250000 1.066667	J1915+1647
97.286525 286.250000 -1.000000	J1915-11
212.451125 286.500000 0.066667	J1916+0748
257.891232 286.500000 0.066667	J1916+0844
257.891232 286.500000 0.083333	J1916+0852
250.144066 286.500000 0.083333	J1916+0951
250.144066 286.500000 1.033333	J1916+1023
286.347168 286.500000 1.033333	J1916+1225
286.347168 286.500000 1.016667	J1916+1312
232.563959 286.750000 1.083333	J1917+1353
144.812407 286.750000 1.050000	J1917+1737
82.090161 286.750000 2.033333	J1917+2224
185.931980 287.000000 1.066667	J1918+1444
185.931980 287.000000 1.066667	J1918+1541
108.609306 287.000000 -0.066667	J1918-0642
89.241391 287.000000 -1.083333	J1918-1052
141.832728 287.250000 0.033333	J1919+0021
141.832728 287.250000 0.050000	J1919+0134
286.347168 287.250000 1.016667	J1919+1314
144.812407 287.250000 1.066667	J1919+1645
144.812407 287.250000 1.066667	J1919+1745
176.843959 285.000000 1.066667	J1920+1040
250.144066 285.000000 1.016667	J1920+1110
68.234653 285.000000 2.083333	J1920+2650
89.241391 285.000000 -0.000000	J1920-09
190.252515 285.250000 0.016667	J1921+0812
209.024494 285.250000 1.016667	J1921+1419
185.931980 285.250000 1.066667	J1921+1544
185.931980 285.250000 1.000000	J1921+16
104.586739 285.250000 1.066667	J1921+1948
104.586739 285.250000 2.000000	J1921+2003
92.668022 285.250000 2.083333	J1921+2153
47.227915 285.250000 4.000000	J1921+42
185.931980 285.500000 1.050000	J1922+1733
104.586739 285.500000 2.016667	J1922+2110
47.227915 285.500000 5.000000	J1922+58
185.931980 285.750000 1.000000	J1923+1706
73.300107 285.750000 2.016667	J1923+2515
209.024494 286.000000 1.033333	J1924+1628
209.024494 286.000000 1.050000	J1924+1631
185.931980 286.000000 1.000000	J1924+17
119.187167 286.000000 2.066667	J1924+2040
138.257113 286.250000 1.000000	J1925+19
68.383637 286.250000 -1.000000	J1925-16
132.595723 286.500000 0.050000	J1926+0431
173.119360 286.500000 0.050000	J1926+0737
183.250269 286.500000 1.050000	J1926+1434
209.024494 286.500000 1.016667	J1926+1613
209.024494 286.500000 1.066667	J1926+1648
138.257113 286.500000 1.033333	J1926+1928
119.187167 286.500000 2.016667	J1926+2016
83.728985 286.500000 -1.016667	J1926-1314
125.146525 286.750000 0.016667	J1927+0911
138.257113 286.750000 1.083333	J1927+1852
138.257113 286.750000 1.083333	J1927+1856
95.498717 286.750000 2.050000	J1927+2234
183.250269 287.000000 1.000000	J1928+15
144.812407 287.000000 1.066667	J1928+1746
138.257113 287.000000 1.033333	J1928+1923
113.078824 287.250000 0.000000	J1929+00
183.250269 287.250000 1.000000	J1929+16
144.812407 287.250000 1.066667	J1929+1844
138.257113 287.250000 1.083333	J1929+1955
119.187167 287.250000 2.033333	J1929+2121
43.652300 287.250000 6.000000	J1929+62
143.024600 285.000000 1.016667	J1930+1316
143.024600 285.000000 1.000000	J1930+14
144.812407 285.000000 1.000000	J1930+17
144.812407 285.000000 1.083333	J1930+1852
58.699680 285.000000 -1.083333	J1930-1852
143.024600 285.250000 1.066667	J1931+1440
143.024600 285.250000 1.050000	J1931+1536
144.812407 285.250000 1.083333	J1931+1952
64.659038 285.250000 3.000000	J1931+30
125.146525 285.500000 1.083333	J1932+1059
128.126204 285.500000 1.000000	J1932+17
144.812407 285.500000 1.016667	J1932+1916
138.257113 285.500000 2.033333	J1932+2020
110.546097 285.500000 2.033333	J1932+2220
61.977327 285.500000 -3.083333	J1932-3655
101.607060 285.750000 0.083333	J1933+0758
113.823744 285.750000 1.000000	J1933+1304
128.126204 285.750000 1.033333	J1933+1726
110.546097 285.750000 2.033333	J1933+2421
144.812407 286.000000 1.000000	J1934+19
110.546097 286.000000 2.083333	J1934+2352
91.774118 286.250000 1.000000	J1935+12
143.024600 286.250000 1.016667	J1935+1616
128.126204 286.250000 1.033333	J1935+1726
128.126204 286.250000 1.066667	J1935+1745
144.812407 286.250000 2.033333	J1935+2025
128.424172 286.250000 2.083333	J1935+2154
58.550696 286.250000 5.000000	J1935+52
143.024600 286.500000 1.050000	J1936+1536
144.812407 286.500000 2.000000	J1936+20
137.959145 286.500000 2.000000	J1936+21
113.823744 286.750000 1.000000	J1937+1505
106.225562 286.750000 2.066667	J1937+2544
89.837327 286.750000 2.083333	J1937+2950
105.778610 286.750000 -0.000000	J1937-00
117.101391 287.000000 0.083333	J1938+0650
128.126204 287.000000 2.016667	J1938+2010
137.959145 287.000000 2.016667	J1938+2213
111.291017 287.250000 1.000000	J1939+10
137.959145 287.250000 2.050000	J1939+2134
128.424172 287.250000 2.066667	J1939+2449
42.162460 287.250000 6.000000	J1939+66
137.959145 285.000000 2.066667	J1940+2246
128.424172 285.000000 2.050000	J1940+2337
57.805776 285.000000 -2.000000	J1940-2403
105.778610 285.250000 0.033333	J1941+0121
101.607060 285.250000 1.033333	J1941+1026
91.774118 285.250000 1.066667	J1941+1341
112.035937 285.250000 2.033333	J1941+2525
65.999894 285.250000 4.000000	J1941+43
54.379145 285.250000 -2.000000	J1941-2602
93.561926 285.500000 1.066667	J1942+1743
33.372407 285.500000 8.000000	J1942+81
92.370054 285.750000 0.000000	J1943+0609
125.891445 285.750000 2.016667	J1943+2210
64.957006 285.750000 -1.050000	J1943-1237
97.286525 286.000000 0.000000	J1944+0907
93.561926 286.000000 1.083333	J1944+1755
125.891445 286.000000 2.050000	J1944+2236
69.277541 286.000000 -1.000000	J1944-10
55.124065 286.000000 -1.083333	J1944-1750
90.433263 286.250000 0.000000	J1945+07
93.561926 286.250000 1.050000	J1945+1834
87.453584 286.250000 -0.066667	J1945-0040
93.561926 286.500000 1.000000	J1946+1805
125.891445 286.500000 2.066667	J1946+2244
137.959145 286.500000 2.000000	J1946+24
115.164600 286.500000 2.050000	J1946+2535
112.035937 286.500000 2.016667	J1946+2611
78.812514 286.500000 3.016667	J1946+3417
60.636471 286.500000 -1.016667	J1946-1312
56.464920 286.500000 -2.016667	J1946-2913
94.008878 286.750000 0.016667	J1947+0915
77.024706 286.750000 1.000000	J1947+10
87.006632 286.750000 1.083333	J1947+1957
56.166952 286.750000 -4.000000	J1947-43
78.812514 287.000000 3.066667	J1948+3540
125.891445 287.250000 2.000000	J1949+2306
109.503209 287.250000 3.000000	J1949+3106
50.803530 287.250000 -2.033333	J1949-2524
81.941177 285.000000 0.000000	J1950+05
114.866632 285.000000 2.016667	J1950+2414
72.108236 285.250000 1.033333	J1951+1123
63.914118 285.500000 1.016667	J1952+1410
115.164600 285.500000 2.050000	J1952+2630
122.017862 285.500000 3.083333	J1952+3252
72.108236 285.750000 1.066667	J1953+1149
67.489733 285.750000 1.066667	J1953+1846A
115.164600 285.750000 2.050000	J1953+2732
42.758396 285.750000 6.000000	J1953+67
118.591231 286.000000 2.050000	J1954+2836
120.825990 286.000000 2.033333	J1954+2923
92.072086 286.000000 4.000000	J1954+43
107.566418 286.250000 2.033333	J1955+2527
118.591231 286.250000 2.000000	J1955+2908
61.083423 286.250000 5.083333	J1955+5059
88.049519 286.500000 0.050000	J1956+0838
44.397220 286.500000 -2.000000	J1956-28
118.591231 286.750000 2.050000	J1957+2831
62.871230 286.750000 5.050000	J1957+5033
118.591231 287.000000 2.066667	J1958+2846
67.489733 287.250000 2.066667	J1959+2048
122.017862 287.250000 3.033333	J1959+3620
126.189413 300.250000 4.000000	J2001+42
65.701926 300.500000 1.050000	J2002+1637
118.591231 300.500000 3.000000	J2002+30
137.810161 300.500000 3.016667	J2002+3217
150.920750 300.500000 4.083333	J2002+4050
133.340643 301.000000 3.050000	J2004+3137
135.426418 301.000000 3.033333	J2004+3429
167.606953 301.250000 3.066667	J2005+3547
167.606953 301.250000 3.083333	J2005+3552
51.399466 301.250000 -0.033333	J2005-0020
127.232300 301.500000 3.000000	J2006+3102
46.780963 301.500000 -0.000000	J2006-0807
53.038289 301.750000 0.000000	J2007+0809
54.081177 301.750000 0.016667	J2007+0910
64.212086 301.750000 2.000000	J2007+20
96.392621 301.750000 2.033333	J2007+2722
127.232300 301.750000 3.033333	J2007+3120
83.133049 302.000000 2.016667	J2008+2513
133.340643 302.250000 3.033333	J2009+3326
107.566418 300.000000 2.066667	J2010+2845
133.340643 300.000000 3.050000	J2010+3230
43.503316 300.000000 -1.033333	J2010-1323
38.735829 300.500000 -2.033333	J2012-2029
114.866632 300.750000 3.083333	J2013+3058
167.606953 300.750000 3.066667	J2013+3845
45.142139 300.750000 -0.066667	J2013-0649
78.514546 301.250000 2.033333	J2015+2524
56.762888 301.500000 1.066667	J2016+1948
53.038289 301.750000 0.000000	J2017+0603
62.275295 301.750000 2.066667	J2017+2043
50.207594 301.750000 5.000000	J2017+59
87.304600 302.000000 2.050000	J2018+2839
147.494119 302.000000 3.050000	J2018+3431
65.552942 302.250000 2.033333	J2019+2425
169.841712 300.250000 3.083333	J2021+3651
291.710590 300.250000 4.033333	J2021+4026
82.239145 300.500000 2.083333	J2022+2854
312.866312 300.500000 3.066667	J2022+3842
79.259466 300.500000 5.083333	J2022+5154
79.259466 300.750000 5.050000	J2023+5037
113.823744 301.000000 4.000000	J2024+48
52.591337 301.750000 2.066667	J2027+2146
140.789841 301.750000 4.083333	J2027+4557
40.970589 301.750000 7.000000	J2027+74
94.604814 302.000000 3.050000	J2028+3332
220.198290 302.250000 3.066667	J2029+3744
55.124065 300.000000 2.033333	J2030+2228
147.494119 300.000000 3.066667	J2030+3641
146.451231 300.000000 4.016667	J2030+4415
64.212086 300.000000 5.000000	J2030+55
312.866312 300.500000 4.033333	J2032+4127
50.803530 300.750000 0.066667	J2033+0042
45.291123 300.750000 1.050000	J2033+1734
38.735829 300.750000 -1.050000	J2033-1938
65.105990 301.500000 2.050000	J2036+2835
45.291123 301.750000 1.066667	J2037+1942
115.313584 301.750000 3.033333	J2037+3621
80.749305 302.000000 3.000000	J2038+35
78.812514 302.000000 5.016667	J2038+5319
43.354332 302.000000 -3.016667	J2038-3816
46.334011 300.000000 1.083333	J2040+1657
46.334011 300.750000 1.016667	J2043+1711
67.340749 300.750000 2.066667	J2043+2740
44.546204 300.750000 7.066667	J2043+7045
121.719894 301.000000 4.016667	J2044+4614
40.821605 301.250000 0.016667	J2045+0912
46.631979 301.500000 1.066667	J2046+1540
60.189519 301.500000 5.000000	J2046+5708
43.205348 301.500000 -0.033333	J2046-0421
43.503316 301.750000 1.083333	J2047+1053
119.038183 301.750000 5.033333	J2047+5029
53.485241 302.000000 2.083333	J2048+2255
39.480749 302.000000 -1.016667	J2048-1616
45.589091 300.000000 1.000000	J2050+13
37.841925 300.250000 -0.033333	J2051-0827
53.187273 301.250000 2.000000	J2055+2209
52.144385 301.250000 2.050000	J2055+2539
72.257220 301.250000 3.050000	J2055+3630
69.426525 315.500000 3.000000	J2102+38
50.058610 316.250000 2.000000	J2105+28
56.315936 316.250000 6.033333	J2105+6223
78.216578 317.000000 4.066667	J2108+4441
39.629733 317.000000 -3.033333	J2108-3429
47.525883 315.250000 2.000000	J2111+2106
69.426525 315.250000 4.000000	J2111+40
89.241391 315.250000 4.000000	J2111+4606
44.695187 315.750000 2.083333	J2113+2754
91.029199 315.750000 4.066667	J2113+4644
51.697434 315.750000 6.000000	J2113+67
41.864492 316.500000 1.016667	J2116+1414
107.864386 315.500000 5.000000	J2122+54
36.352086 316.000000 1.000000	J2124+1407
36.799038 316.000000 -3.083333	J2124-3358
38.288877 317.250000 1.016667	J2129+1210A
38.288877 317.250000 1.016667	J2129+1210B
38.288877 317.250000 1.016667	J2129+1210C
38.288877 317.250000 1.016667	J2129+1210D
38.288877 317.250000 1.016667	J2129+1210E
38.288877 317.250000 1.016667	J2129+1210F
38.288877 317.250000 1.016667	J2129+1210G
38.288877 317.250000 1.016667	J2129+1210H
39.480749 317.250000 -0.000000	J2129-04
37.394974 316.500000 -1.000000	J2136-1606
64.063102 316.750000 6.000000	J2137+64
87.304600 317.000000 4.016667	J2138+4911
33.670375 317.250000 0.000000	J2139+00
45.589091 317.250000 2.066667	J2139+2242
74.938931 317.250000 4.016667	J2139+4716
33.968342 315.000000 -2.016667	J2140-2310A
33.968342 315.000000 -2.016667	J2140-2310B
34.266310 315.750000 0.083333	J2143+0654
37.097006 316.250000 -0.083333	J2145-0750
73.300107 317.250000 6.033333	J2149+6329
82.537113 315.000000 5.066667	J2150+5247
43.056364 315.250000 2.016667	J2151+2315
43.950268 316.250000 2.016667	J2155+2813
28.455936 316.250000 -3.016667	J2155-3118
44.099252 316.500000 2.016667	J2156+2618
54.826097 316.750000 4.016667	J2157+4017
63.914118 330.750000 5.000000	J2203+50
43.503316 331.000000 2.000000	J2204+27
41.566524 331.250000 1.066667	J2205+1444
91.625134 331.500000 6.083333	J2206+6151
53.932193 331.750000 4.000000	J2207+40
88.496471 332.000000 5.000000	J2208+5500
97.286525 330.000000 5.000000	J2210+57
43.950268 331.250000 1.050000	J2215+1538
26.221177 330.500000 -0.050000	J2222-0137
76.279787 331.250000 6.050000	J2225+6535
93.710910 332.250000 6.016667	J2229+6114
91.774118 332.250000 6.000000	J2229+6205
82.090161 332.250000 6.000000	J2229+64
33.968342 331.000000 0.000000	J2234+06
42.460428 331.250000 1.000000	J2235+1506
63.020214 330.500000 6.083333	J2242+6950
42.162460 330.750000 1.016667	J2243+1518
91.774118 331.000000 6.000000	J2244+63
33.074439 332.000000 -0.000000	J2248-0101
36.352086 330.750000 1.016667	J2253+1516
190.103531 345.500000 6.033333	J2302+6028
73.747059 345.250000 6.000000	J2311+67
68.085669 346.500000 6.000000	J2316+69
34.564278 346.750000 1.050000	J2317+1439
85.218824 347.250000 6.016667	J2319+6411
598.915512 345.250000 6.033333	J2321+6024
89.241391 346.250000 6.016667	J2325+6316
100.415188 346.500000 6.016667	J2326+6113
100.415188 346.500000 6.066667	J2326+6141
32.329519 347.250000 1.000000	J2329+16
35.309198 345.000000 -2.000000	J2330-2005
100.415188 345.750000 6.066667	J2333+6145
100.415188 346.750000 6.083333	J2337+6151
32.180535 345.000000 0.000000	J2340+08
95.349733 345.750000 6.033333	J2343+6221
94.306846 345.500000 6.000000	J2352+65
37.394974 345.750000 8.000000	J2353+85
100.415188 346.000000 6.083333	J2354+6155
