*
11.41
*
24.9
30.405
14.32810
230.31
4.33991
76
37
13.76517
10.922
80.0
92.5146
39.922
26.5
13.9
117
15
90.3
44.0127
18.1354
129
67
53.5
65.853
55.605
70.87
2.38
30.5482
61.0617
112
49.42068
118
21.806
286
26.0838
101.842
73.81141
34.926
272.6
25
*
40.111
25.66
22.881
11.92577
27.5
59.833
30.21
20
21.029
140.7
38.23555
22.0354
84.00
61.252
40
27
46.6794
16
4
141
31
370
20
20
15.65677
6.35
26.18975
115.4636
65
40.821
26.7641
16.67
47.14571
21.3162
67
49.5865
100
20.2
67.30
40.46313
*
103.706
46
57.1420
62.3
*
65.4053
35.65
55
64
9.2
57
27.44598
48.5336
71
*
71
44.61
75
85
53.19
29.83
26.22
37.041
39.903
30.3053
14.59002
59
47.806
21.02
*
41.834
38
69
18.705
52
43
33.77
79.418
50.8695
83.7
57.4
56.77118
39.570
61.97
77.7026
56.9
67.2
73.81
86.6
*
37
102.5723
80.538
21.0
48
38.73
60.6662
39
69.9
45.7
45.2551
27.15495
38.77919
18.990
96.91
37.049
44
72.59
36.47
83.6
*
54
70.835
78
86.60
138.25
113
88.3
84.1762
97.3
48.1
34.425
*
125.36
*
2.89
90.7
*
11.10816
18.247536
50
149.0
154.7
116.3
25.54
33.31882
32.39
122.0
13.94
8.77387
46.238
253.89
*
76.1
98.98
69.4
91.7
61.293
194
*
95.7
48.920
48.920
16
20.83
14.96177
73.728
28
27
30.246
39.9863
63.327
196
46
165
327
5.75066
52.6589
133.7
131.80
40.938
195.56
179.4
23.727
35
19.47633
52.2
112.3
12.8640
142.8
116.90
219
36.6
94.16
38
34.8121
86.635
75.707
15.879
*
71.5
13.15423
27.2986
72
17.24
50
22
41.48841
102.1
78.2
20.3402
27.2508
21
12.497
15.31845
29.09
22.41149
167
2.96927
26.95
42
22.51
9.02314
48.82
10.2521
14.325
6.4778
50.75
26.59
33.777
25.3
52.54
16.6544
19
26
9.18634
45.1
44.9
11.73
26.860
46
4.84066
30.77
46.448
19.2
34.8
36.7
8.090
17.9706
9.25159
26
17.792
29.634
10.16550
13.2
26.2
*
36.214
37.84
15.3
24.0
12.040623
16.42
28
13.31624
27.91215
27.1
15.10
41.7
26.5
26.148
26.5
26.358
31.27
4.932258
18.466
12.3737
*
60.49
23.5
12.605
22.29
14.0559
13.5698
22.2584
3.2603
19.6191
30.08
29.47
29.3146
29.3
29.3
27.9631
11.61139
49
18.163
73.62
14.691
96
11.61944
14.909
18.3774
34.9758
23.2258
92.17
37.416
24.0553
21.6
22.9000
24.0
23.46
51.901
73.045
52.3299
29.7
53.763
46.201
77.5
63
*
10.6823
37
49.13
52.5
27.21
19.5082
49
21.3949
34.9179
52
110
152.44
44.79
117.5
153.8
59.79
68.183
62.8633
32.16696
46
42.1
101
7.3
14.1
33.77
89.9
48.19
54
24.2671
100
238.0
249
18.462
27.7
30.36
29.5
30.1
30.6
30.3
62.4143
35.7555
36.17129
29.8
224
23
128.278
34.4622
213.8
290
31.09
43.25
33.46
49.5
68.41
40.80244
56.56
207.2
74.5
92.31
302.0
154.3
365
46.9
229
60.37
166.97
232.7
354.3
114.9654
115.21
114.5619
114.224
113.792
113.291
130.73
303.4
530
49.551
110.306
375
42.951
22.907
146.36
598
207.25
626
31
190.7
146.732
316
788
24.891
25.3474
393.6
356
111
346
7.09
59.88
376
92.64
525
713
15.917
544
342
51
*
164
449
817
314.0
682.7
25.6
587.7
525.8
707
466
833
371.1
247.46
36.862
110
46.2
66.98
44.83
40.719
103
42.64
341
381.6
75.7
103
47.758
22
496.0
126.064
416.2
99.49
19.688
172
254.4
472
409
554.9
875
58.91
161
744
230
158.2
57
264.4
718
539.2
147
93
60.74
41.09
281.5
34.49
9.61634
289
261.29
256
628
106.4711
354
877.4
72.43
15.44
513.5
340
317
41.14
242
225
636
524.0
153.18
65.05
126.3
260.0
578
55.4
73.512
758
42
170
261
331
106
55.311
280
488.1
804
89.41
33.77312
23.6
99.3
182.2
323.6
223.4
735
49.59
273
101.5
58.2
186.4
138.55
170.5
573.2
600.1
337
24.6
23.897
48.66823
333
151.96
738.78
274.1
74.90
24.19871
74.9
4.7
361.9
149.2
29.14487
310.3
382
241
158.5
186
30.26
56.1
116.30
239
193.05
505.7
174
3.13695
66.67
96.66
192.9
148.1
90.1
64.474
23.970
299
1778
1088
1130
88.373
160.8
49.8543
51.2044
422
1456
962.7
1168
*
128
570
835
1133
101.5
99.364
219.4
220.922
226.95
224.98
224.10
220.43
207.33
242.15
237.42
238.34
238.72
235.6
238.75
237.34
237.75
237.75
233.9
237
243.83
236.84
239.18
237.57
238.13
238.73
234.35
234.81
237.74
238.65
238.47
236.38
238.79
234.50
237.60
236.26
237.70
235.50
239.11
239.14
240.03
239.11
238.85
584
420.2
59.6
344
409
509.4
55.4
239
476
331
178.4
388
206.34
189.35
233.82
234.391
230.67
230.09
556
42.84
296.7
36.19635
508.3
50.372
516.3
73.2
105.3
158.6
672
168
738
89.70
187.7
82.3
35.0096
63.7
159.9
364.3
751
252
835
590
405
115
266.5
167.603
70.80
329
121.196
367.1
706
534
150
132.2
378.203
239.3
179.454
334
207
678
218.2
328
66.6
35.0674
110
206
467
302.7
236.4
177.157
889
812.6
772
431
79.42
128.6
50.0
641
280
23
120.37
182.56
182.39
182.26
174.71
57.26
484
264
778.8
386
1073.9
291.55
125.613
177.713
146
97.97
77
130
264.2
149.6258
711
217
388.1
392.0
436.1
233.99
*
165.5
192
192.6
194.5
170.9
186.316
424
24.674
203.5
80.857
65
146.22
225
932.3
708.1
269
167.9
52.03
122.41
319
683
747
53
89.29
112.3802
134.00401
137.1535
385
312.98
141
151.27
225.3
205
536
*
606.8
95
147.37
140
240.70
411.3
598
197.1
178
867.1
381.91
*
193.84
304.9
39.7
452.2
241.0
148.1
57.8
253.3
545.5
476
761
*
60.6005
172.0
104.14
255.1
518
892
547.2
361.4
104
138.9
*
*
60.8
462.3
333
112.524
41.55656
130
168
65
782
792
724.6
547.8
59
116.8
629
525.5
128.12
38.8874
14.8
970
519.6
240
94.3
102.847
210
422
622.0
644
845
690
230
378
404
310
578
64.808
35.1
1075
196.0
421.7
67
405
84.435
104.0
776.7
768.5
436.0
51.75415
84.0
171.5
1123
570
60.2844
40
62.2
186.3
467
95.2
925
651.1
*
647
121.20
135.87
66.775
428.59
607
1044
611
330
86.8797
87.01
86.88
86.8
91.4
86.7
50.245
58.0
60
603
463.4
551
428.3
571
224.38
156.5
185
119.892
119.5
120.7
119.5
119.8
123.8
119.4
121.5
119
119.2
119.8
119
158.5
56.618
119.5
19.3833
121
352.23
120
43.2
320.58
*
231.0
160
530
381
259.2
430
*
363.2
22.4
302.6
249
605.0
494.7
56
268.0
114.0
316.8
610
217.108
13.8
220.4
95.7
203
159.70
257
537
393.6
245.9
247
342
338
352
28.3
578
300.869
28.19422
475.7
127
325.4
234.538
461
353
410.95
*
169.5
543
88.65
155.1
79.308
445
707
294.0
552
1020
*
529
78.479
342.4
123.8
185.2
98
269.6
456
467.9
471
500
450
276.2
193.3
113.7
132.679
327
63.35
231.5
564
316.98
326
157.33
89.107
93.3
*
86.98
124
319.5
459.3
316.1
510
100.6
300
100.74
320.4
268.9
617.2
*
276.6
424
*
208
32.95162
169.9
293.2
330
452.6
195.1
242
292.7
243
88.5
497.9
344.5
169.8
68.1
182.4
380
321.7
748
500.0
691
349.8
233.2
272
311
302.3
19.4
26.77163
125.88
475
216
194.32
325.487
*
532
284.5
49.1579
267
434
148.1
955
109.9
195.98
188
485
212.2
188.6
343.4
102.5
101.5
507
486
441.7
797.7
246
444.1
257
228.4
321
215.8
59.964
114.51
215.5
85.3
345.54
605
148.22
429
826
*
533
836.1
*
123.158
626
318
411.71
41.48555
500.00
230.8
315.9
113.0
414
280.93
228.2
206.7
197.4
140
237
*
388.3
192
*
667
141.979
188.3
229
454.9
207.9
30.6
1166
159.531
336.6
418
496.6
242.7
27.9
90.677
163.4
139
91.96
134.47
18.23
*
1234.9
207.3
42.9
56.1
119.6
148.168
62.2677
570
947
201.4
895
118.89
540.068
265.8
60.1396
24.7
510
24
427.2
418
606
515
115.54
70.6333
254.9
545
787
*
*
286
431
320
171
56.814
437.5
568.8
180.9
290.2
279
198.7
44.541
214
30.56996
532.9
192.4
404
480.2
207.2
130.40
160
867.3
634
402.5
438
362
244
151.99
554
96.74
623.5
341.3
130.5
*
82.39
249
783
506.77
691
466.4
282
13.3140
108.9
492.1
702.00
336
284
386
194.0
26.6
420
276
378.6
97.45
47
136.8
201.1
249.898
627
323.4
150
37.994
71.8352
345.5
314.4
105.394
404
185
253.887
106.4
242.6
393
402.080
547
352
1042.6
1108
429
410
94
252.81
72.677
75.0988
24.4
281.2
272.0
114
177.486
502.900
105.0
91
245.167
113.0
297.5245
473.5
388
195.611
329
66.99
162
109.20
233.61
162.2
185.9
182.705
278.32
438.8
135
118.23
150
229.131
193.692
25.6923
730.1
256.05
245.34
433.4
126.8317
349
99.5
472.8
249
*
480.4
217.7508
265
156.7676
261
257
311.7
456.7
524
82.1
428.6
239.8
332
190
357.9
*
202.8
257
72.6
30.966
360
201.42
11.104
700.1
512.1
467.5
249.8
101.695
112.787
171.734
352
36.7
539.36
421.5
149.982
199.8
119.5
64.517
62
10.3932
178
209
205.53
82.93
300
484
124.06
283.7
705.7
258.64
30.0684
100
202.678
196.69
334.7
446.2
31.02
30.9883
48.98
147.0
88.5961
37.8474
89.385
109.1
155.8
142
355.2
95.3
157
422
178.8
231.1
338.96
628.9
637.0
175.64
145.052
72.3263
233.8
58
225.3
285
100
192.6
39.00
105.3
358
241.693
91.06
338.3
702.1
273.7
168.77
62.57
304.0
339.4
295
60.953
329.8
387.2
265.31
237.009
29.18
94.538
208.0
134.7495
26.46
62.73
247.4
27.202
13
90.315
191.9
613.4
208
142.3
93
304
182
27.70882
84.0
91.64
385
204.7
153.85
101
12.44399
53
335
238
203.31
217.086
53
142.5
18.85515
542.9
518.5
208
527.4
213
88
223.3
328
102.243
159
40.83
211.41
32.9
176.885
445
247
202.7
254
99
180
101
242
176.68
476
33
150.7
12
112
527
281
66
67.7
207.3
209.2
201
42.8526
308
243
140
441
56
3.18321
90.5
53.2
*
211.151
219.2
59.88
165.02
177.01
156.90
106.03
97.6
355.5
188.76
158.521
61.6
214.6
182
*
71
165
205.1
264
68.6
237
53.221
113.99
70.8
74.2
327.7
236.909
91
90
71.0237
142.88
41.2
222.4
252.1
63.3
133.3
52.7
138.91
147.9
314.4
50.036
79
190
40.3
70.76
28.918
174.089
24.3598
31.01
56.32
175
185.45
59.71
62
217.7
60
50.3
16.1356
140
96
248.81
165
44.309
111.11
94
149
185.8
198.2
289.27
129.36748
196.3
23.07
164.1264
71
142.089
31.29
31.5051
315.338
45.006
140.03
117
195.4
57.2
80.5
*
7.932
130
209.971
104.5159
31.98266
61.3
67.087
45.69
44.137
138.99
*
*
29.1168
273
55
94.581
196
142.21
131.486
160
234.820
351
35.93
401.6
455
32.39
107.16
53.394
48.72934
67.0
127.0
191.5
60.5555
263.6
22.177
112.47
371.8
298.58
37.67
63.36
148.7
238.217
13
33.8148
23.92344
60.4906
*
61
14.1977
222.35
17.203
367.5
*
24.63109
429.1
22.54968
32.98817
99
97.0915
229.594
11
*
190.66
71.8627
246.0
*
60
114.67
37.84
25.0809
23.47
84.2174
36.891647
93.56
58
33.96
160.196
50.6919
20.757
21.02064
57
315.4
31.776
129.5477
35.799
39.81796
101.790291
34.6
107.676
11.456
70.6847
52.40
20.7299
42
26.979
98.0828
36.34963
*
97.4155
85
52.6
62.4
50.75
30.22
139.827
59.2964
120
*
25.11106
141.26
55.1
56.2044
31.7
30.2473
4.60096
16.9
67.31
67.69
67.13
67.3
66.51
65.52
66.4
67.15
18.48
106
168
36
44.15971
*
25.0640
25.09
*
3.35
8.99761
129.7229
148.930
23.6
28
77.1309
14.85
48.4433
71.1239
79
35
36.717
167
12
101.03
189.43
74.5213
161
22.5450
29.2404
69.1951
176
162.75
43.4975
3.277
49.4128
168
51.8
36.44362
33
22.7271
204.97
124.6388
194
10.7645
17.8310
35.08
18.09
*
182
263.50
40.86039
42.13
68
92
29.05
29.2045
13.8
151.082
*
13.7279
156.7
49.5845
62.0676
7.024
46.53905
97.1
17.27693
74
71
21.877
20.86959
246
94.591
13.36
6.149
14.966
197.37
122.613
33
31
8.456
125
58.410
*
24
117
22.504
152
38
94.662
