         1	   J1816+45	            3.190	  38.90
         2	   J2243+69	          855.000	  68.00
         3	   J1647+66	         1599.000	  22.00
         4	   J2316+69	          813.000	  71.00
         5	   J1921+42	          595.000	  53.00
         6	   J0216+52	           24.500	  22.00
         7	   J0645+51	            8.850	  18.20
         8	   J2353+85	         1011.000	  38.30
         9	   J1432+72	           41.700	  12.60
        10	   J1942+81	          203.000	  40.20
        11	   J0053+69	          832.000	 117.00
        12	   J1815+55	          427.000	  59.00
        13	   J2122+54	          139.000	  32.00
        14	   J1935+52	          568.000	  71.00
        15	   J0213+52	          376.000	  38.00
        16	   J1800+50	          578.000	  23.00
        17	   J1710+49	            3.220	   7.10
        18	   J0058+49	          996.000	  67.00
        19	   J1629+43	          181.000	   7.30
        20	   J0519+54	          340.000	  43.00
        21	   J0636+51	            2.860	  11.10
        22	   J0358+42	          226.000	  46.00
        23	   J0740+41	            3.140	  21.00
        24	   J0943+41	         2230.000	  21.00
        25	   J0510+38	           76.500	  69.00
        26	   J2207+40	          637.000	  11.60
        27	   J1954+43	         1387.000	 130.00
        28	   J1941+43	          841.000	  79.00
        29	   J0610+37	          444.000	  39.00
        30	   J1821+41	         1262.000	  40.00
        31	   J0614+83	         1039.000	  44.00
        32	   J1649+80	            2.020	  31.00
        33	   J2001+42	          719.000	  55.00
        34	   J1122+78	            4.200	  11.20
        35	   J0325+67	         1365.000	  65.00
        36	   J1627+86	          396.000	  47.00
        37	   J0737+69	         6824.000	  16.00
        38	   J1953+67	            8.570	  57.00
        39	   J2027+74	          515.000	  11.00
        40	   J1859+76	         1394.000	  47.00
        41	   J0338+66	         1762.000	  67.00
        42	   J0357+66	           91.500	  62.00
        43	   J1939+66	           22.200	  41.00
        44	   J0741+66	            2.880	  15.00
        45	   J0746+66	          407.000	  28.00
        46	   J2137+64	         1751.000	 106.00
        47	   J2228+64	         1893.000	 194.00
        48	   J0136+63	          718.000	 286.00
        49	   J0112+66	         4301.000	 112.00
        50	   J1101+65	         3631.000	  19.00
        51	   J1320+67	         1029.000	  28.00
        52	   J2205+62	          323.000	 167.00
        53	   J0125+62	         1708.000	 118.00
        54	   J0645+80	          658.000	  50.00
        55	   J2017+59	          403.000	  61.00
        56	   J1706+59	         1477.000	  31.00
        57	   J1110+58	          793.000	  26.00
        58	   J0749+57	         1175.000	  27.00
        59	   J1922+58	          530.000	  53.00
        60	   J2210+57	         2057.000	 189.00
        61	   J1911+37	          851.000	  72.00
        62	   J0417+61	          440.000	  71.00
        63	   J1929+62	         1456.000	  67.00
        64	   J2113+67	          552.000	  54.00
        65	   J0034+69	           36.800	  80.00
        66	   J2105+28	          406.000	  62.00
        67	   J0141+63	           46.700	 273.00
        68	   J1239+32	            4.700	  17.00
        69	   J2145+21	         1419.000	  44.00
        70	   J2353-22	          558.000	   9.90
        71	   J1505-25	          999.000	  44.80
        72	   J1327+34	           41.500	   4.20
        73	   J1530-21	          505.000	  38.00
        74	   J2327+62	          266.000	 194.00
        75	   J0104+64	         1386.000	  43.00
        76	   J1929+66	          806.000	  60.00
        77	   J1836+51	          692.000	  44.00
        78	   J2040-21	          563.000	  24.00
        79	   J2356+22	         1841.000	  23.00
        80	   J2158-27	          477.000	  22.00
        81	   J1949+34	          389.000	 228.00
        82	   J1741-21	         2565.000	 151.00
        83	   J0110-22	         1262.000	  20.00
        84	   J0038-25	          257.000	   5.70
        85	   J1336-25	          478.000	  37.00
        86	   J1120-23	          497.000	   9.90
        87	   J1308-23	            2.830	  22.00
        88	   J0125-23	            3.680	   9.60
        89	   J0930-22	         1807.000	  79.00
        90	   J1115-24	          868.000	  30.00
        91	   J0758-30	         1092.000	  86.00
        92	   J2152-28	         1343.000	  33.00
        93	   J0557-29	           43.600	  49.00
        94	   J1954+38	          353.000	  65.00
        95	   J1929+38	          814.000	  93.00
        96	   J0530-39	          907.000	  49.00
        97	   J1154-19	           11.100	  10.70
        98	   J1127-38	          877.000	  48.00
        99	   J1515-32	           64.400	  25.00
       100	   J1917-29	         1249.000	  38.00
       101	   J1940-24	           98.200	  53.40
       102	   J1948-27	          332.000	  58.00
       103	   J1235-36	          569.000	  59.00
       104	   J1806+28	           15.100	  18.70
       105	   J1829+25	         2857.000	  74.00
       106	   J0355+28	          365.000	  49.00
       107	   J0405+33	           64.000	  54.00
       108	   J0406+30	            2.600	  49.00
       109	   J0414+31	         1081.000	  64.00
       110	   J0636-23	          476.000	  60.00
       111	   J0659-36	          637.000	  84.00
       112	   J1611-29	            9.600	  83.00
       113	   J1629+33	         1525.000	  35.00
       114	   J1644-33	          397.000	 130.00
       115	   J1904+33	          417.000	  81.00
       116	   J1928+28	         1063.000	  79.00
       117	   J2000+29	         3074.000	 133.00
       118	   J2044+28	         1618.000	  90.00
       119	   J2054-39	          977.000	  25.00
       120	   J2131-31	         3325.000	  32.00
       121	   J2148-34	          927.000	  14.00
       122	   J1045-04	           24.000	   4.80
       123	   J1122-35	            7.800	  39.00
       124	   J2150-03	            3.500	  21.00
       125	   J1907+57	          424.000	  55.00
       126	   J2019+72	          219.000	  35.00
       127	   J0534-13	          979.000	  74.00
       128	   J1017-15	           83.100	  17.00
       129	   J1529-26	          799.000	  45.00
       130	   J1536-30	         1901.000	  63.00
       131	   J1638-35	          705.000	 115.00
       132	   J1819-37	          632.000	  68.00
       133	   J2022+25	            2.650	  54.00
       134	   J2038-36	            3.280	  24.00
       135	   J0648-27	         4169.000	 133.00
       136	   J1842-39	          374.000	  47.00
       137	   J1901-04	         1830.000	 107.00
       138	   J1822+02	         1508.000	 103.00
       139	   J2017-27	          224.000	  26.00
       140	   J1221-06	            1.930	  16.00
       141	   J1941+02	         1232.000	  87.00
       142	   J1316-01	            2.910	  29.40
       143	   J1741-02	          132.000	  81.80
       144	   J2017-04	           40.600	  30.90
       145	   J2207-15	          766.000	  28.70
       146	   J2257-16	          469.000	  52.80
       147	   J0025-19	         1306.000	  21.00
       148	   J1733-01	          302.000	  61.90
       149	   J1946-09	           91.200	  50.20
       150	   J1921-05	         2228.000	  80.30
